0.0561979999997675
0.150717999999870
0.245283999999629
0.339970999999878
0.434458000000177
0.529059999999845
0.623578000000180
0.718187999999827
0.812990999999784
0.907361999999921
1.00206699999944
1.09652299999971
1.19107200000008
1.28677799999969
1.38017899999977
1.48690099999976
1.58144099999981
1.67597999999998
1.77062499999965
1.86510600000020
1.95972699999993
2.05450799999971
2.14894899999990
2.24347899999975
2.33834899999965
2.43263100000013
2.52727199999981
2.62181299999975
2.71624500000007
2.81092899999976
2.90554900000006
2.99999399999979
3.09463799999958
3.18937499999993
3.28376500000013
3.37842499999988
3.47292699999980
3.56749799999989
3.66209399999980
3.75656299999991
3.85119699999996
3.94573700000001
4.04038899999978
4.13497000000007
4.22968099999980
4.32409800000005
4.41885300000013
4.51321599999983
4.60775199999989
4.70243200000004
4.79707699999972
4.89155899999969
4.98615299999983
5.08069499999965
5.17530599999964
5.26989399999957
5.36441300000024
5.45904799999971
5.55355199999985
5.64808099999982
5.74280200000021
5.83745599999975
5.93179400000008
6.02643300000000
6.12097899999981
6.21554499999957
6.31032599999980
6.40531399999964
6.50746399999980
6.60207299999956
6.69656799999984
6.79108999999971
6.96224099999972
7.05676399999993
7.15128499999992
7.24582899999996
7.34253799999988
7.43705499999987
7.53173900000002
7.62625499999967
7.72098400000004
7.81553699999995
7.91008000000011
8.00450499999988
8.09908999999971
8.19368200000008
8.28821799999969
8.38281399999960
8.47744299999977
8.57260999999971
8.66654400000016
8.76108399999976
8.85576999999967
8.95042700000022
9.04478999999992
9.13945500000000
9.24606699999958
9.34400899999992
9.43525999999974
9.52978099999973
9.62442700000020
9.71896100000004
9.81360199999972
9.90814699999964
10.0027179999997
10.0971599999998
10.1917200000003
10.2984589999996
10.3950319999999
10.4896570000001
10.5841599999999
10.6787859999995
10.7733439999997
10.8679389999998
10.9625040000001
11.0569999999998
11.1517559999998
11.2583279999999
11.3541809999997
11.4474070000001
11.5420249999997
11.6366140000000
11.7311209999998
11.8257739999999
11.9202639999999
12.0148810000001
12.1094219999995
12.2041549999994
12.2985380000000
12.4051930000001
12.4998119999996
12.5944639999998
12.6891949999995
12.7836919999995
12.8781679999997
12.9726529999998
13.0671979999997
13.1617390000001
13.2563099999998
13.3509230000000
13.4455869999997
13.5400709999999
13.6346209999997
13.7291579999996
13.8237949999998
13.9184350000000
14.0130030000000
14.1075750000000
14.2021740000000
14.2966940000001
14.3933450000000
14.4878359999998
14.5824180000000
14.6769810000001
14.7719169999996
14.8661649999999
14.9606970000000
15.0553889999997
15.1498360000001
15.2445370000000
15.3391159999996
15.4340049999996
15.5282910000001
15.6227479999998
15.7173360000002
15.8119029999998
15.9064339999995
16.0010290000000
16.0956090000000
16.1903020000000
16.2848039999999
16.3834309999997
16.4781170000001
16.5725639999996
16.6671910000000
16.7618259999999
16.8563760000002
16.9508879999999
17.0455320000001
17.1400619999999
17.2349460000000
17.3293339999996
17.4238329999998
17.5184270000000
17.6129550000001
17.7074980000002
17.8020839999995
17.8967180000000
17.9912869999998
18.0858250000001
18.1804789999997
18.2749239999998
18.3695119999998
18.4641409999995
18.5587879999998
18.6532179999999
18.7479349999999
18.8424890000001
18.9370419999996
19.0496209999997
19.1441989999998
19.2393160000001
19.3333280000002
19.4280359999998
19.5231889999995
19.6170780000002
19.7116660000002
19.8063080000002
19.9009160000001
19.9954149999999
20.0899970000000
20.1845699999999
20.2791660000003
20.3736830000003
20.4683429999996
20.5628509999997
20.6573909999997
20.7519809999999
20.8466549999998
20.9411590000000
21.0357110000000
21.1303579999999
21.2268369999997
21.3223530000000
21.4141060000002
21.5207049999999
21.6153250000002
21.7097340000000
21.8044399999999
21.8989059999999
21.9935180000002
22.0883259999996
22.1827439999997
22.2772270000000
22.3718110000000
22.4664979999998
22.5609249999998
22.6555199999998
22.7500610000002
22.8447249999999
22.9393479999999
23.0337730000001
23.1283659999999
23.2231000000002
23.3174859999999
23.4122389999998
23.5066680000000
23.6013220000000
23.6959640000000
23.7904690000000
23.8850699999998
23.9795669999999
24.0741359999997
24.1687680000000
24.2633429999996
24.3579730000001
24.4525829999998
24.5474439999998
24.6416559999998
24.7361609999998
24.8308229999998
24.9254109999997
25.0199750000002
25.1145099999994
25.2091430000000
25.3036430000002
25.3984279999995
25.4928379999997
25.5873569999999
25.6823429999999
25.7826829999999
25.8772309999999
25.9717750000000
26.0664040000001
26.1610129999995
26.2555429999998
26.3501000000001
26.4447329999998
26.5536009999996
26.6480980000001
26.7426919999998
26.8376969999999
26.9319489999998
27.0265019999997
27.1210649999998
27.2213750000001
27.3101460000003
27.4047409999998
27.4993129999998
27.5940049999999
27.6884289999998
27.7831159999996
27.8775929999997
27.9722619999998
28.0667300000000
28.1614070000001
28.2560010000002
28.4271340000000
28.5214679999999
28.6160970000001
28.7110019999996
28.8234720000000
28.9180419999998
29.0125229999999
29.1071229999998
29.2016509999999
29.2962729999999
29.3910299999998
29.4853149999999
29.5802170000002
29.6745839999999
29.7751919999996
29.8697250000000
29.9643520000000
30.0588369999996
30.1535039999999
30.2479749999998
30.3425520000001
30.4375580000001
30.5317759999998
30.6263269999999
30.7209360000002
30.8155109999998
30.9100939999998
31.0046589999997
31.0992620000002
31.1937949999997
31.2883169999996
31.3828869999998
31.4775649999997
31.5720559999995
31.6665950000001
31.7622179999998
31.8578069999999
31.9525129999997
32.0470519999999
32.1416239999999
32.2362519999997
32.3307679999998
32.4254910000000
32.5198409999998
32.6145159999996
32.7090349999999
32.8035490000002
32.8982519999995
32.9926770000002
33.0872850000001
33.1819139999998
33.2764720000000
33.3710879999999
33.4656430000000
33.5602629999999
33.6548300000000
33.7492680000000
33.8440539999997
33.9385830000001
34.0330570000001
34.1276889999995
34.2222540000003
34.3169139999995
34.4116719999997
34.5058879999997
34.6005580000001
34.6950559999996
34.7897589999998
34.8842049999998
34.9788439999998
35.0733989999999
35.1679209999998
35.2625180000000
35.3571189999998
35.4516989999997
35.5463599999998
35.6409589999998
35.7354359999999
35.8306329999996
35.9245089999999
36.0193999999997
36.1137639999997
36.2087250000000
36.3029210000000
36.3974130000001
36.4920109999998
36.5866540000002
36.6811630000002
36.7757409999999
36.8703069999997
36.9651600000002
37.0594190000002
37.1540389999996
37.2485389999997
37.3432059999996
37.4377650000001
37.5323739999999
37.6269169999996
37.7215059999999
37.8163110000000
37.9114279999999
38.0052519999999
38.0997629999997
38.1943670000001
38.2889799999998
38.3834870000001
38.4780839999999
38.5726230000000
38.6672599999997
38.7617409999998
38.8564010000000
38.9509019999996
39.0455929999998
39.1407039999999
39.2348069999998
39.3292369999999
39.4239039999998
39.5184089999998
39.6129999999998
39.7076490000000
39.8020499999998
39.8967149999999
39.9912129999998
40.0858480000002
40.1808709999996
40.2750129999995
40.3695370000000
40.4640709999999
40.5586650000000
40.6533359999999
40.7479440000002
40.8425170000000
40.9592719999996
41.0538809999998
41.1565139999998
41.2510849999999
41.3583859999999
41.4658829999999
41.5609709999999
41.6556849999997
41.7668429999999
41.8572559999998
41.9518610000000
42.0459730000002
42.1404859999998
42.2350879999999
42.3297079999998
42.4242479999998
42.5187859999996
42.6136009999996
42.7082779999996
42.8026299999997
42.8970879999997
42.9916120000003
43.0862539999998
43.1808729999998
43.2753979999998
43.3700389999999
43.4645750000000
43.5590860000002
43.6537549999998
43.7482499999996
43.8428389999999
43.9394700000003
44.0340409999999
44.1286249999998
44.2233080000001
44.3255699999995
44.4126170000000
44.5071919999996
44.6015389999998
44.6960380000000
44.7906419999999
44.8859060000000
44.9799589999998
45.0748359999998
45.1690729999996
45.2636609999995
45.3582569999999
45.4526590000000
45.5472449999998
45.6455790000000
45.7364100000000
45.8309870000003
45.9263569999998
46.0203919999999
46.1147400000000
46.2093309999996
46.3804019999998
46.4869589999998
46.5816409999998
46.6761209999995
46.7707310000001
46.8653780000000
46.9598149999997
47.0545060000000
47.1490369999997