650503.784730245
650503.772309101
650503.759041061
650503.745349573
650503.731799235
650503.718531196
650503.705404308
650503.692418569
650503.679432830
650503.666023645
650503.653037907
650503.639769872
650503.626642986
650503.614080699
650503.600812665
650503.587403482
650503.573994300
650503.560302820
650503.547740535
650503.536307444
650503.524168608
650503.511041727
650503.497914846
650503.484787967
650503.472225684
650503.459945701
650503.447524569
650503.435244586
650503.423105753
650503.410543473
650503.397698896
650503.385842363
650503.373703532
650503.361705850
650503.349708170
650503.337710489
650503.325571660
650503.313715130
650503.302282047
650503.290848965
650503.278992436
650503.268123951
650503.256408572
650503.244975492
650503.234248158
650503.223520823
650503.213216937
650503.213216937
650503.222956227
650503.232836666
650503.242999404
650503.253444440
650503.264736372
650503.275322558
650503.286614490
650503.297624125
650503.308774909
650503.320772588
650503.331923373
650503.343638755
650503.355212988
650503.366646072
650503.378643754
650503.390923734
650503.402780267
650503.414777950
650503.427340230
650503.439902511
650503.451900195
650503.464039029
650503.477024758
650503.489022444
650503.501302428
650503.513723563
650503.526144697
650503.538989280
650503.552116162
650503.565384194
650503.578511077
650503.591214513
650503.604482546
650503.616903685
650503.628901375
650503.642310559
650503.656284342
650503.670399274
650503.684373057
650503.697217646
650503.709779937
650503.722906826
650503.736316014
650503.750289800
650503.763698989
650503.776825881
650503.789811623
650503.803785411
650503.818323798
650503.832156438
650503.846130228
650503.859821720
650503.873795512
650503.887769304
650503.901319648
650503.914869993
650503.928843787
650503.943099880
650503.956791376
650503.972176666
650503.987138509
650504.000688857
650504.014662655
650504.029059901
650504.043315999
650504.057148649
650504.071545897
650504.086507744
650504.100904994
650504.115019945
650504.129981794
650504.144943644
650504.159482046
650504.173173551
650504.186723907
650504.201121161
650504.216083014
650504.230762569
650504.244595227
650504.258710184
650504.273107442
650504.289057345
650504.304301501
650504.317851863
650504.332249123
650504.346928683
650504.361608243
650504.376428954
650504.391108516
650504.405364629
650504.419761893
650504.434582606
650504.449403321
650504.463941736
650504.478903601
650504.493159719
650504.507839286
650504.522801153
650504.537198422
650504.552160290
650504.566981010
650504.581801730
650504.596763600
650504.610031675
650504.609749375
650504.596481301
650504.582507478
650504.567827908
650504.553571787
650504.539597967
650504.525341847
650504.510944579
650504.496547311
650504.482150044
650504.467611627
650504.453214361
650504.438817096
650504.424702131
650504.410446017
650504.395625304
650504.381369191
650504.367536527
650504.353280416
650504.338459706
650504.323780146
650504.309665186
650504.296114825
650504.282423314
650504.267461458
650504.252781902
650504.238384646
650504.223987390
650504.209590135
650504.195616329
650504.181783673
650504.167951018
650504.154259513
650504.140144560
650504.125888458
650504.111914656
650504.098223153
650504.084249352
650504.070840150
650504.057289798
650504.042610252
650504.028354154
650504.014662655
650504.000830007
650503.987279658
650503.973729310
650503.960037813
650503.946205168
650503.932795971
650503.919104476
650503.905554131
650503.891862637
650503.878594592
650503.865326547
650503.851211607
650503.837520115
650503.824110923
650503.810984030
650503.797574839
650503.784165648
650503.770333010
650503.756782671
650503.743796930
650503.730387741
650503.717825449
650503.704980859
650503.692277419
650503.679715129
650503.666023645
650503.652191011
650503.639205275
650503.626360688
650503.613374952
650503.599260022
650503.585568541
650503.572723957
650503.559738223
650503.547034789
650503.534472504
650503.521769070
650503.509489085
650503.497067951
650503.484505668
650503.471943386
650503.459804552
650503.447383419
650503.434821139
650503.422682306
650503.410543473
650503.398404642
650503.385842363
650503.374126979
650503.362270447
650503.350131617
650503.337992788
650503.325853958
650503.314844323
650503.303128942
650503.290707816
650503.278710138
650503.267841653
650503.256973169
650503.245398939
650503.234107008
650503.223520823
650503.217451411
650503.221262437
650503.231142877
650503.241305614
650503.251468352
650503.262336836
650503.273064172
650503.282803463
650503.293248501
650503.304963881
650503.316820411
650503.327688898
650503.339404279
650503.351401960
650503.363681939
650503.374973874
650503.385701213
650503.398545791
650503.411672667
650503.423529201
650503.434821139
650503.447665718
650503.461074895
650503.473919475
650503.486764056
650503.498197145
650503.510335980
650503.523039414
650503.535601698
650503.548587430
650503.561573164
650503.574417748
650503.587544631
650503.600530366
650503.613233803
650503.626642986
650503.639487573
650503.652614459
650503.665741346
650503.679009382
650503.692136270
650503.705404308
650503.718390047
650503.732646131
650503.753112787
650503.772732549
650503.786565187
650503.799974378
650503.813242420
650503.826792761
650503.840625402
650503.854740342
650503.868290685
650503.881276431
650503.894967924
650503.909506315
650503.923197809
650503.937312753
650503.951709996
650503.965683791
650503.979939886
650503.994054832
650504.007746331
650504.021861278
650504.036258525
650504.050655772
650504.064911871
650504.078603372
650504.092577173
650504.106692124
650504.120807075
650504.135204327
650504.149319279
650504.163293083
650504.177125738
650504.191946441
650504.206908293
650504.221728997
650504.236408552
650504.250664658
650504.264638467
650504.279318023
650504.293574132
650504.307406792
650504.322227501
650504.336907060
650504.351304321
650504.366125031
650504.380804593
650504.395201855
650504.409175670
650504.423431784
650504.438393647
650504.453637810
650504.468176226
650504.482432343
650504.497111910
650504.511791477
650504.526047596
650504.540868314
650504.555547883
650504.570650902
650504.585471622
650504.599445445
650504.612713520
650504.612290070
650504.598880846
650504.584624724
650504.569945154
650504.555689033
650504.541574062
650504.527459093
650504.513344123
650504.498946855
650504.484690738
650504.470434621
650504.455613906
650504.441498940
650504.426960525
650504.412563261
650504.398589447
650504.383909884
650504.369653772
650504.355962258
650504.342129596
650504.327732335
650504.312911627
650504.298514368
650504.284117109
650504.270566749
650504.256310641
650504.241631086
650504.227516129
650504.212554275
650504.198580469
650504.185312412
650504.171197458
650504.156800205
650504.143108700
650504.128993748
650504.114878796
650504.101328442
650504.087354641
650504.073239691
650504.059971639
650504.046703587
650504.032165190
650504.017344495
650504.004076444
650503.991090694
650503.976975748
650503.963284251
650503.949733904
650503.935618960
650503.921645166
650503.908094821
650503.894403326
650503.880994132
650503.868008386
650503.854881491
650503.841189999
650503.827780807
650503.814371615
650503.801103573
650503.788258980
650503.774990939
650503.761299450
650503.748172560
650503.734481072
650503.721636482
650503.708791892
650503.695100406
650503.680703174
650503.666729391
650503.653179057
650503.639205275
650503.625513792
650503.611681160
650503.597283932
650503.583874750
650503.570606717
650503.556774088
650503.544070654
650503.531508369
650503.518240339
650503.505678055
650503.493115772
650503.480694639
650503.468555804
650503.455993522
650503.443290092
650503.430304364
650503.417459785
650503.406167848
650503.394311315
650503.381043290
650503.368622161
650503.356342181
650503.344344501
650503.332911417
650503.321901782
650503.310327550
650503.298471020
650503.286755640
650503.274757961
650503.264171775
650503.252738695
650503.241305614
650503.229590236
650503.219145201
650503.219286350
650503.229166789
650503.238906079
650503.248927668
650503.259090406
650503.269817741
650503.280121629
650503.290707816
650503.301717450
650503.313009384
650503.323877870
650503.335169804
650503.347167484
650503.359024016
650503.370033653
650503.381466737
650503.393746718
650503.405744400
650503.431010110
650503.443572390
650503.457122716
650503.470108446
650503.482529579
650503.495233011
650503.507089548
650503.519087234
650503.531931817