Time / sec	Linewidth / MHz
66.618000	0.054366
67.618000	0.053219
68.617000	0.050792
69.618000	0.052565
70.619000	0.051670
71.621000	0.051019
72.621000	0.048909
73.621000	0.047837
74.620000	0.046653
75.620000	0.048064
76.619000	0.046248
77.620000	0.046788
78.620000	0.046861
79.620000	0.048592
80.620000	0.047040
81.620000	0.049086
82.620000	0.049846
83.619000	0.049422
84.619000	0.047348
85.618000	0.047640
86.619000	0.049787
87.619000	0.047182
88.619000	0.053196
89.619000	0.047015
90.620000	0.047208
91.620000	0.048151
92.619000	0.046528
93.620000	0.047363
94.621000	0.047917
95.621000	0.047373
96.624000	0.047291
97.624000	0.050158
98.623000	0.050693
99.621000	0.049989
100.619000	0.049895
101.621000	0.053269
102.620000	0.050573
103.621000	0.052027
104.621000	0.049693
105.621000	0.050739
106.620000	0.052044
107.622000	0.047490
108.623000	0.050958
109.624000	0.048899
110.626000	0.047619
111.628000	0.049146
112.626000	0.051937
113.626000	0.051451
114.626000	0.052394
115.627000	0.053460
116.630000	0.051978
117.627000	0.050920
118.628000	0.049463
119.628000	0.050012
120.627000	0.050948
121.625000	0.048190
122.625000	0.048325
123.626000	0.048180
124.625000	0.046664
125.625000	0.044194
126.625000	0.046803
127.626000	0.043881
128.627000	0.046806
129.626000	0.048428
130.628000	0.045697
131.629000	0.046397
132.630000	0.047198
133.629000	0.048811
134.628000	0.048221
135.628000	0.046579
136.628000	0.047953
137.627000	0.048131
138.626000	0.046461
139.625000	0.045724
140.626000	0.044085
141.629000	0.044196
142.629000	0.043472
143.630000	0.047132
144.631000	0.045633
145.631000	0.045671
146.632000	0.045539
147.634000	0.044523
148.634000	0.045938
149.636000	0.044888
150.637000	0.045679
151.638000	0.044253
152.639000	0.043172
153.642000	0.044355
154.644000	0.045084
155.647000	0.045386
156.645000	0.046347
157.643000	0.043228
158.643000	0.045682
159.644000	0.046611
160.644000	0.044480
161.644000	0.045477
162.646000	0.042770
163.646000	0.045969
164.649000	0.044239
165.649000	0.042673
166.649000	0.042830
167.650000	0.042315
168.649000	0.042230
169.650000	0.044107
170.651000	0.043331
171.653000	0.044959
172.654000	0.044432
173.656000	0.048971
174.658000	0.048221
175.658000	0.050582
176.657000	0.048360
177.658000	0.050166
178.658000	0.050376
179.657000	0.051863
180.657000	0.051810
181.658000	0.053141
182.658000	0.054304
183.658000	0.054015
184.659000	0.053576
185.659000	0.053655
186.660000	0.053492
187.671000	0.056801
188.672000	0.052722
189.675000	0.053126
190.676000	0.048745
191.676000	0.048492
192.676000	0.046361
193.676000	0.046170
194.694000	0.044625
195.741000	0.044696
196.740000	0.045935
197.741000	0.043042
198.743000	0.044826
199.745000	0.044777
200.748000	0.041571
201.748000	0.041556
202.750000	0.041745
203.753000	0.042168
204.753000	0.041410
205.756000	0.042552
206.757000	0.043933
207.757000	0.045576
208.757000	0.047004
209.759000	0.049406
210.759000	0.046305
211.761000	0.048865
212.760000	0.052610
213.760000	0.051646
214.760000	0.052193
215.761000	0.052669
216.760000	0.052802
217.758000	0.051939
218.758000	0.054214
219.759000	0.053787
220.760000	0.055785
221.757000	0.053588
222.757000	0.054010
223.758000	0.054659
224.758000	0.054408
225.757000	0.053432
226.757000	0.052982
227.758000	0.056696
228.758000	0.052670
229.759000	0.053820
230.758000	0.053492
231.759000	0.057100
232.756000	0.052297
233.757000	0.049559
234.757000	0.049677
235.758000	0.048918
236.760000	0.052007
237.760000	0.047383
238.761000	0.049496
239.762000	0.047972
240.764000	0.047990
241.763000	0.047577
242.765000	0.047739
243.767000	0.052662
244.767000	0.047333
245.767000	0.048649
246.766000	0.047444
247.765000	0.045076
248.767000	0.047769
249.767000	0.044378
250.769000	0.045950
251.770000	0.046692
252.770000	0.044710
253.771000	0.045495
254.773000	0.044210
255.776000	0.043266
256.782000	0.044851
257.798000	0.044749
258.803000	0.041981
259.808000	0.043944
260.809000	0.041688
261.809000	0.045215
262.810000	0.045169
263.812000	0.043589
264.815000	0.043099
265.817000	0.042004
266.820000	0.041918
267.823000	0.043243
268.825000	0.041542
269.826000	0.042540
270.826000	0.045058
271.826000	0.044412
272.829000	0.044452
273.830000	0.042476
274.829000	0.043512
275.830000	0.043831
276.833000	0.041917
277.834000	0.044154
278.833000	0.044348
279.832000	0.042153
280.833000	0.043699
281.832000	0.042519
282.833000	0.042745
283.835000	0.041328
284.838000	0.042918
285.840000	0.043815
286.842000	0.044840
287.845000	0.041707
288.847000	0.045737
289.850000	0.042910
290.850000	0.042555
291.851000	0.041804
292.854000	0.042412
293.855000	0.041941
294.856000	0.043975
295.856000	0.043429
296.856000	0.044032
297.858000	0.045204
298.860000	0.042975
299.863000	0.043139
300.865000	0.044559
301.866000	0.043932
302.868000	0.042862
303.870000	0.044161
304.871000	0.044045
305.872000	0.041936
306.872000	0.045268
307.872000	0.044242
308.872000	0.042702
309.873000	0.041625
310.872000	0.044237
311.874000	0.047425
312.875000	0.043691
313.877000	0.044904
314.878000	0.046350
315.879000	0.045602
316.879000	0.043046
317.895000	0.044118
318.908000	0.044906
319.910000	0.041717
320.912000	0.048976
321.911000	0.043462
322.912000	0.044370
323.910000	0.041773
324.913000	0.042059
325.915000	0.044225
326.916000	0.043240
327.914000	0.042792
328.914000	0.042528
329.915000	0.043592
330.916000	0.042679
331.916000	0.042090
332.918000	0.042267
333.920000	0.042388
334.923000	0.042679
335.924000	0.041852
336.926000	0.042323
337.926000	0.042458
338.928000	0.042647
339.929000	0.042166
340.930000	0.041910
341.930000	0.042144
342.931000	0.041338
343.932000	0.041841
344.933000	0.042523
345.936000	0.041979
346.936000	0.043983
347.937000	0.042749
348.939000	0.043862
349.941000	0.044626
350.942000	0.044330
351.944000	0.043875
352.945000	0.043070
353.947000	0.041138
354.947000	0.041275
355.949000	0.041712
356.951000	0.040999
357.951000	0.042179
358.953000	0.041942
359.954000	0.041535
360.955000	0.046117
361.956000	0.042165
362.962000	0.042833
363.962000	0.042474
364.962000	0.041423
365.965000	0.042089
366.968000	0.041182
367.972000	0.042402
368.974000	0.043284
369.975000	0.041529
370.978000	0.042887
371.980000	0.046708
372.980000	0.045328
373.981000	0.046212
374.982000	0.042689
375.983000	0.043100
376.983000	0.043195
377.985000	0.043570
378.987000	0.044950
379.990000	0.042724
380.991000	0.042092
381.991000	0.044773
382.993000	0.042887
383.992000	0.043612
384.995000	0.042736
385.996000	0.042473
386.998000	0.043406
387.999000	0.041440
389.001000	0.043182
390.001000	0.043926
391.004000	0.044550
392.006000	0.044455
393.006000	0.042889
394.008000	0.041971
395.008000	0.044152
396.010000	0.042431
397.009000	0.045915
398.012000	0.048163
399.012000	0.044751
400.013000	0.042829
401.014000	0.061251
402.013000	0.042193
403.015000	0.043928
404.014000	0.043310
405.015000	0.041309
406.015000	0.042757
407.016000	0.043710
408.016000	0.042852
409.017000	0.042799
410.019000	0.043761
411.021000	0.042941
412.021000	0.041458
413.023000	0.042343
414.022000	0.041327
415.024000	0.041721
416.024000	0.044164
417.027000	0.042331
418.028000	0.041070
419.031000	0.041086
420.032000	0.045533
421.032000	0.042461
422.032000	0.041844
423.032000	0.043081
424.031000	0.044896
425.032000	0.042556
426.034000	0.044437
427.033000	0.041791
428.035000	0.041957
429.036000	0.043981
430.038000	0.045743
431.037000	0.042605
432.037000	0.044794
433.037000	0.043113
434.037000	0.044724
435.038000	0.045964
436.038000	0.043043
437.040000	0.043706
438.042000	0.045242
439.044000	0.045652
440.045000	0.044620
441.047000	0.043996
442.047000	0.042340
443.048000	0.044509
444.049000	0.044049
445.049000	0.043891
446.051000	0.043298
447.053000	0.042299
448.054000	0.044232
449.055000	0.043773
450.058000	0.042861
451.059000	0.043832
452.061000	0.041639
453.061000	0.041999
454.062000	0.042733
455.063000	0.043585
456.068000	0.041987
457.067000	0.042029
458.069000	0.042181
459.068000	0.044228
460.071000	0.042682
461.072000	0.043390
462.073000	0.046010
463.074000	0.046359
464.076000	0.049264
465.080000	0.050230
466.082000	0.053124
467.082000	0.054284
468.083000	0.056402
469.082000	0.054432
470.081000	0.053058
471.080000	0.050559
472.082000	0.050279
473.081000	0.047753
474.082000	0.049402
475.082000	0.048038
476.084000	0.045539
477.082000	0.044204
478.082000	0.045877
479.082000	0.044514
480.083000	0.045153
481.085000	0.042545
482.085000	0.041957
483.087000	0.043590
484.087000	0.041767
485.087000	0.044762
486.088000	0.045679
487.089000	0.047796
488.092000	0.048901
489.093000	0.047905
490.092000	0.049825
491.092000	0.053218
492.092000	0.055165
493.094000	0.054517
494.095000	0.054014
495.097000	0.054546
496.098000	0.056196
497.098000	0.055816
498.096000	0.054580
499.095000	0.055573
500.096000	0.052478
501.097000	0.050441
502.098000	0.048014
503.098000	0.050559
504.097000	0.046930
505.098000	0.047032
506.097000	0.045375
507.098000	0.046708
508.099000	0.045111
509.098000	0.044408
510.099000	0.043549
511.100000	0.044447
512.100000	0.043812
513.120000	0.044277
514.122000	0.044382
515.124000	0.044115
516.123000	0.045076
517.126000	0.043711
518.127000	0.043351
519.128000	0.047322
520.127000	0.044517
521.128000	0.044364
522.128000	0.041994
523.130000	0.043744
524.131000	0.042276
525.130000	0.044614
526.131000	0.044755
527.132000	0.044404
528.135000	0.044397
529.136000	0.046500
530.136000	0.045848
531.136000	0.043213
532.138000	0.045261
533.138000	0.044717
534.139000	0.047962
535.138000	0.046314
536.139000	0.046652
537.139000	0.049285
538.140000	0.046178
539.139000	0.046885
540.140000	0.046608
541.139000	0.048113
542.139000	0.045884
543.138000	0.046938
544.138000	0.047126
545.140000	0.047811
546.141000	0.047656
547.141000	0.045752
548.143000	0.045582
549.144000	0.044962
550.144000	0.047892
551.144000	0.047769
552.146000	0.046394
553.147000	0.046469
554.147000	0.047743
555.145000	0.045743
556.146000	0.051274
557.146000	0.046089
558.148000	0.046441
559.148000	0.048568
560.150000	0.047608
561.151000	0.047021
562.152000	0.047045
563.153000	0.047209
564.152000	0.047052
565.151000	0.046574
566.150000	0.048121
567.151000	0.044291
568.150000	0.045187
569.152000	0.044529
570.151000	0.044957
571.152000	0.044169
572.151000	0.044834
573.151000	0.043856
574.151000	0.043657
575.150000	0.043958
576.153000	0.044605
577.153000	0.042688
578.154000	0.042620
579.155000	0.044763
580.154000	0.042211
581.156000	0.045229
582.158000	0.042812
583.157000	0.042824
584.157000	0.042792
585.159000	0.045002
586.160000	0.045181
587.159000	0.045599
588.159000	0.043619
589.160000	0.043151
590.163000	0.046349
591.164000	0.043974
592.165000	0.044651
593.165000	0.042877
594.165000	0.044153
595.167000	0.042526
596.169000	0.042747
597.169000	0.044726
598.169000	0.042731
599.172000	0.042875
600.173000	0.043712
601.173000	0.042149
602.171000	0.042743
603.176000	0.044521
604.177000	0.042300
605.179000	0.044921
606.182000	0.042550
607.182000	0.043831
608.184000	0.042619
609.186000	0.043776
610.186000	0.044904
611.187000	0.041894
612.189000	0.045270
613.188000	0.043031
614.187000	0.041498
615.195000	0.043525
616.197000	0.042356
617.198000	0.042259
618.199000	0.042767
619.201000	0.042162
620.200000	0.041737
621.203000	0.041797
622.204000	0.042026
623.205000	0.041655
624.205000	0.041607
625.208000	0.042199
626.209000	0.041764
627.210000	0.042520
628.210000	0.042546
629.209000	0.041795
630.210000	0.043260
631.210000	0.044390
632.212000	0.042299
633.214000	0.044696
634.213000	0.042791
635.215000	0.045760
636.215000	0.044031
637.217000	0.043893
638.217000	0.044321
639.218000	0.045776
640.220000	0.046154
641.218000	0.045109
642.219000	0.046401
643.221000	0.045747
644.220000	0.048377
645.219000	0.047027
646.221000	0.047794
647.220000	0.045595
648.220000	0.045190
649.218000	0.047743
650.218000	0.047667
651.219000	0.047157
652.219000	0.046890
653.218000	0.047021
654.218000	0.048143
655.217000	0.048517
656.217000	0.046582
657.217000	0.048802
658.244000	0.049963
659.244000	0.050180
660.244000	0.048396
661.243000	0.048551
662.243000	0.049447
663.245000	0.052479
664.246000	0.054471
665.245000	0.054663
666.245000	0.053803
667.247000	0.053273
668.247000	0.053950
669.247000	0.054675
670.246000	0.055815
671.246000	0.055201
672.247000	0.054943
673.247000	0.055074
674.246000	0.054328
675.246000	0.055821
676.246000	0.054897
677.246000	0.056444
678.245000	0.055024
679.243000	0.057458
680.244000	0.055065
681.242000	0.054014
682.242000	0.053653
683.240000	0.053256
684.239000	0.056851
685.239000	0.051355
686.239000	0.051370
687.235000	0.056627
688.234000	0.050634
689.233000	0.049686
690.232000	0.047791
691.231000	0.050120
692.231000	0.047975
693.232000	0.047436
694.233000	0.075126
695.232000	0.048912
696.232000	0.048139
697.231000	0.046711
698.231000	0.047179
699.230000	0.047406
700.229000	0.048442
701.230000	0.048176
702.230000	0.049316
703.230000	0.048759
704.229000	0.048646
705.230000	0.048936
706.230000	0.047136
707.230000	0.049054
708.231000	0.047607
709.231000	0.045416
710.233000	0.046215
711.234000	0.049927
712.234000	0.046211
713.236000	0.049831
714.236000	0.047093
715.237000	0.047642
716.237000	0.049130
717.237000	0.046550
718.238000	0.046890
719.240000	0.046318
720.242000	0.046950
721.248000	0.046707
722.253000	0.048463
723.255000	0.047157
724.257000	0.048966
725.256000	0.048571
726.256000	0.049305
727.256000	0.048677
728.256000	0.047377
729.257000	0.051114
730.257000	0.050792
731.258000	0.051822
732.259000	0.053439
733.259000	0.053731
734.260000	0.055001
735.260000	0.053486
736.260000	0.052914
737.258000	0.054357
738.259000	0.055588
739.259000	0.055458
740.260000	0.054959
741.261000	0.055499
742.261000	0.054270
743.262000	0.054554
744.260000	0.053102
745.260000	0.052368
746.258000	0.055023
747.257000	0.055320
748.255000	0.055175
749.254000	0.054286
750.254000	0.057633
751.253000	0.055089
752.253000	0.054104
753.253000	0.052912
754.252000	0.052024
755.252000	0.049012
756.254000	0.050063
757.254000	0.049690
758.254000	0.049342
759.253000	0.052456
760.253000	0.049427
761.251000	0.050121
762.250000	0.048894
763.250000	0.046134
764.250000	0.045655
765.251000	0.045975
766.249000	0.044028
767.251000	0.043496
768.252000	0.042142
769.254000	0.045147
770.255000	0.042169
771.255000	0.043281
772.256000	0.045585
773.258000	0.044223
774.258000	0.045841
775.258000	0.045435
776.259000	0.045867
777.260000	0.049162
778.262000	0.048520
779.263000	0.053873
780.263000	0.053728
781.262000	0.054015
782.262000	0.056757
783.260000	0.054111
784.259000	0.055363
785.259000	0.053723
786.258000	0.055538
787.258000	0.054806
788.258000	0.055498
789.260000	0.055109
790.285000	0.052441
791.284000	0.053389
792.281000	0.051290
793.284000	0.051641
794.284000	0.052148
795.284000	0.053757
796.284000	0.050772
797.285000	0.053635
798.288000	0.048497
799.289000	0.048354
800.289000	0.044991
801.288000	0.047722
802.290000	0.045023
803.291000	0.046717
804.291000	0.048649
805.292000	0.046738
806.291000	0.044983
807.293000	0.043848
808.294000	0.044524
809.295000	0.043832
810.296000	0.046059
811.296000	0.044865
812.297000	0.045186
813.299000	0.043152
814.301000	0.044537
815.303000	0.045188
816.304000	0.045457
817.305000	0.048365
818.306000	0.043404
819.306000	0.043719
820.307000	0.042312
821.310000	0.045148
822.312000	0.043560
823.313000	0.042210
824.320000	0.044070
825.324000	0.044206
826.324000	0.041427
827.325000	0.043706
828.327000	0.043005
829.329000	0.043214
830.331000	0.042430
831.332000	0.043993
832.335000	0.045389
833.337000	0.044727
834.337000	0.045863
835.338000	0.046850
836.336000	0.046281
837.337000	0.045281
838.337000	0.045576
839.337000	0.046975
840.338000	0.045985
841.340000	0.045933
842.343000	0.050453
843.343000	0.049022
844.343000	0.047048
845.343000	0.048446
846.343000	0.046854
847.343000	0.047707
848.346000	0.049550
849.346000	0.050003
850.345000	0.046230
851.346000	0.048407
852.346000	0.048605
853.346000	0.046761
854.348000	0.044330
855.349000	0.047659
856.350000	0.043811
857.352000	0.046108
858.354000	0.043963
859.356000	0.046681
860.355000	0.045370
861.357000	0.043887
862.357000	0.044255
863.360000	0.042037
864.361000	0.042670
865.362000	0.042468
866.367000	0.044449
867.372000	0.042362
868.372000	0.044098
869.372000	0.041913
870.375000	0.045883
871.376000	0.043686
872.378000	0.042700
873.379000	0.042726
874.381000	0.042392
875.383000	0.042569
876.385000	0.044463
877.385000	0.043222
878.386000	0.045945
879.386000	0.044497
880.389000	0.044095
881.392000	0.042651
882.392000	0.042444
883.394000	0.042019
884.396000	0.042583
885.398000	0.041858
886.398000	0.042862
887.399000	0.042376
888.399000	0.042842
889.399000	0.045891
890.398000	0.045722
891.397000	0.043818
892.398000	0.044463
893.398000	0.043556
894.398000	0.044308
895.399000	0.044358
896.399000	0.047456
897.400000	0.044301
898.401000	0.046441
899.402000	0.046750
900.405000	0.045946
901.406000	0.045456
902.408000	0.044190
903.409000	0.043971
904.408000	0.045039
905.408000	0.046107
906.410000	0.047392
907.409000	0.046287
908.410000	0.045801
909.412000	0.043663
910.413000	0.043824
911.414000	0.044838
912.416000	0.043010
913.416000	0.044851
914.417000	0.043550
915.419000	0.044291
916.420000	0.044950
917.421000	0.042387
918.420000	0.046320
919.419000	0.043078
920.420000	0.042619
921.421000	0.043916
922.421000	0.045695
923.423000	0.053632
924.424000	0.043247
925.424000	0.043075
926.424000	0.045333
927.440000	0.045168
928.465000	0.045227
929.466000	0.045410
930.469000	0.045023
931.473000	0.047539
932.474000	0.043716
933.475000	0.043070
934.476000	0.041979
935.476000	0.044260
936.477000	0.043480
937.478000	0.043575
938.480000	0.042392
939.481000	0.042327
940.482000	0.042656
941.484000	0.044283
942.485000	0.041897
943.487000	0.042445
944.487000	0.044507
945.487000	0.042954
946.489000	0.042516
947.491000	0.043387
948.490000	0.042826
949.491000	0.044085
950.494000	0.042163
951.494000	0.041511
952.495000	0.043709
953.496000	0.041672
954.498000	0.044104
955.498000	0.044949
956.499000	0.043616
957.502000	0.044728
958.503000	0.042741
959.503000	0.043624
960.503000	0.042448
961.529000	0.044926
962.543000	0.041584
963.544000	0.043596
964.545000	0.042529
965.546000	0.043929
966.546000	0.042507
967.548000	0.042010
968.551000	0.043101
969.552000	0.042514
970.554000	0.045120
971.555000	0.043429
972.554000	0.045437
973.554000	0.044798
974.557000	0.046730
975.558000	0.043330
976.559000	0.043802
977.562000	0.044473
978.562000	0.050592
979.562000	0.050893
980.562000	0.045389
981.563000	0.044029
982.563000	0.049364
983.565000	0.045472
984.566000	0.044934
985.567000	0.044945
986.567000	0.045924
987.568000	0.047376
988.567000	0.047539
989.568000	0.045148
990.571000	0.045366
991.568000	0.045284
992.570000	0.045510
993.572000	0.046171
994.574000	0.046810
995.573000	0.045489
996.575000	0.045395
997.576000	0.044216
998.579000	0.046791
999.582000	0.047461
1000.584000	0.045540
1001.586000	0.046255
1002.588000	0.045420
1003.590000	0.045983
1004.588000	0.047849
1005.589000	0.046385
1006.589000	0.047214
1007.589000	0.045602
1008.591000	0.044474
1009.589000	0.044961
1010.590000	0.045954
1011.590000	0.042654
1012.591000	0.043296
1013.594000	0.046727
1014.596000	0.045477
1015.598000	0.044226
1016.600000	0.043953
1017.602000	0.043295
1018.606000	0.043612
1019.607000	0.043826
1020.608000	0.045407
1021.610000	0.044614
1022.612000	0.046367
1023.613000	0.046465
1024.612000	0.045551
1025.612000	0.046604
1026.612000	0.049435
1027.613000	0.049184
1028.612000	0.047545
1029.612000	0.050974
1030.611000	0.047296
1031.612000	0.048770
1032.611000	0.048083
1033.613000	0.048526
1034.613000	0.048084
1035.613000	0.051410
1036.614000	0.048701
1037.614000	0.047577
1038.613000	0.049110
1039.613000	0.049938
1040.613000	0.048555
1041.611000	0.048535
1042.613000	0.050576
1043.614000	0.050016
1044.612000	0.047885
1045.613000	0.048641
1046.613000	0.048981
1047.615000	0.049850
1048.615000	0.048637
1049.616000	0.048004
1050.614000	0.047170
1051.613000	0.048393
1052.613000	0.048118
1053.613000	0.046726
1054.615000	0.047193
1055.616000	0.046851
1056.617000	0.048813
1057.617000	0.046889
1058.618000	0.049119
1059.622000	0.046945
1060.623000	0.045364
1061.627000	0.044579
1062.639000	0.047423
1063.666000	0.044323
1064.667000	0.045186
1065.668000	0.045952
1066.669000	0.045817
1067.670000	0.046231
1068.669000	0.048475
1069.671000	0.049931
1070.671000	0.050091
1071.670000	0.054543
1072.669000	0.056591
1073.668000	0.057016
1074.668000	0.059832
1075.668000	0.055622
1076.669000	0.054038
1077.668000	0.049907
1078.669000	0.049291
1079.668000	0.046005
1080.669000	0.046371
1081.670000	0.046332
1082.671000	0.044816
1083.672000	0.045482
1084.672000	0.045359
1085.674000	0.045079
1086.672000	0.045093
1087.673000	0.046779
1088.672000	0.048619
1089.675000	0.050732
1090.676000	0.055276
1091.676000	0.056514
1092.675000	0.057097
1093.672000	0.058102
1094.679000	0.059390
1095.693000	0.057353
1096.691000	0.057060
1097.690000	0.056030
1098.689000	0.056552
1099.689000	0.056776
1100.689000	0.058338
1101.689000	0.057593
1102.689000	0.055676
1103.689000	0.055759
1104.688000	0.056223
1105.689000	0.057673
1106.686000	0.056016
1107.686000	0.056806
1108.685000	0.056126
1109.684000	0.056621
1110.685000	0.055686
1111.686000	0.056054
1112.686000	0.054321
1113.686000	0.057101
1114.687000	0.056578
1115.686000	0.059714
1116.685000	0.056555
1117.687000	0.055789
1118.687000	0.054619
1119.687000	0.053346
1120.689000	0.052796
1121.688000	0.053884
1122.689000	0.053315
1123.689000	0.050543
1124.691000	0.051855
1125.690000	0.050378
1126.693000	0.051160
1127.693000	0.049710
1128.691000	0.051234
1129.689000	0.054339
1130.690000	0.053843
1131.689000	0.053278
1132.687000	0.051309
1133.687000	0.052005
1134.686000	0.051640
1135.686000	0.050172
1136.687000	0.054095
1137.687000	0.050248
1138.688000	0.052349
1139.687000	0.051357
1140.686000	0.052067
1141.685000	0.052188
1142.698000	0.051667
1143.707000	0.054747
1144.708000	0.049714
1145.707000	0.050154
1146.707000	0.052850
1147.707000	0.050995
1148.705000	0.051842
1149.706000	0.051310
1150.706000	0.051313
1151.706000	0.054314
1152.706000	0.053237
1153.706000	0.050979
1154.705000	0.050779
1155.705000	0.053378
1156.705000	0.054970
1157.705000	0.055579
1158.705000	0.056016
1159.705000	0.056449
1160.706000	0.053344
1161.707000	0.053251
1162.707000	0.054196
1163.705000	0.050966
1164.705000	0.051438
1165.705000	0.050591
1166.704000	0.050287
1167.703000	0.048690
1168.703000	0.048988
1169.702000	0.049962
1170.702000	0.048509
1171.703000	0.049728
1172.702000	0.051036
1173.701000	0.051876
1174.701000	0.049279
1175.701000	0.048994
1176.699000	0.049378
1177.699000	0.047990
1178.697000	0.048980
1179.698000	0.052923
1180.699000	0.051147
1181.699000	0.052455
1182.698000	0.052915
1183.698000	0.054550
1184.699000	0.053984
1185.699000	0.058141
1186.697000	0.054106
1187.697000	0.050524
1188.698000	0.050725
1189.698000	0.051912
1190.699000	0.050094
1191.699000	0.051870
1192.700000	0.051992
1193.700000	0.050083
1194.700000	0.052713
1195.700000	0.052907
1196.699000	0.055404
1197.699000	0.054307
1198.697000	0.055554
1199.698000	0.055774
1200.698000	0.053712
1201.697000	0.054561
1202.697000	0.054311
1203.697000	0.050515
1204.696000	0.049679
1205.695000	0.051053
1206.694000	0.050471
1207.695000	0.049351
1208.695000	0.049234
1209.695000	0.048707
1210.697000	0.048076
1211.696000	0.048745
1212.696000	0.048577
1213.699000	0.049826
1214.696000	0.050863
1215.697000	0.049940
1216.698000	0.049094
1217.701000	0.049933
1218.700000	0.051988
1219.698000	0.049687
1220.697000	0.048735
1221.697000	0.049304
1222.698000	0.048563
1223.697000	0.050676
1224.696000	0.051382
1225.694000	0.050419
1226.693000	0.052607
1227.693000	0.052313
1228.695000	0.052818
1229.695000	0.052446
1230.694000	0.050785
1231.694000	0.061854
1232.693000	0.059540
1233.694000	0.055217
1234.695000	0.051237
1235.696000	0.058389
1236.697000	0.097801
1237.693000	0.056936
1238.693000	0.054981
1239.693000	0.052935
1240.690000	0.051379
1241.691000	0.052883
1242.690000	0.049960
1243.688000	0.050752
1244.686000	0.049417
1245.684000	0.049657
1246.686000	0.053117
1247.686000	0.050752
1248.685000	0.051791
1249.683000	0.053313
1250.683000	0.051508
1251.683000	0.052697
1252.682000	0.052162
1253.683000	0.052087
1254.683000	0.053510
1255.685000	0.054276
1256.683000	0.054627
1257.682000	0.054314
1258.680000	0.055324
1259.681000	0.054066
1260.680000	0.056118
1261.679000	0.055004
1262.679000	0.056937
1263.680000	0.053991
1264.678000	0.055065
1265.679000	0.051445
1266.679000	0.051437
1267.679000	0.050736
1268.681000	0.049732
1269.682000	0.051999
1270.682000	0.050583
1271.684000	0.051766
1272.683000	0.050653
1273.684000	0.051265
1274.684000	0.050922
1275.682000	0.051717
1276.683000	0.051705
1277.683000	0.053107
1278.683000	0.050491
1279.682000	0.052372
1280.683000	0.050281
1281.683000	0.052874
1282.684000	0.054345
1283.685000	0.055391
1284.684000	0.056679
1285.684000	0.056600
1286.683000	0.057705
1287.682000	0.057171
1288.680000	0.059913
1289.679000	0.056239
1290.678000	0.057293
1291.678000	0.057474
1292.677000	0.056647
1293.678000	0.058328
1294.677000	0.056221
1295.676000	0.056740
1296.676000	0.055641
1297.676000	0.054586
1298.675000	0.055634
1299.674000	0.054152
1300.674000	0.055659
1301.674000	0.051856
1302.673000	0.055359
1303.674000	0.053820
1304.674000	0.052962
1305.674000	0.054295
1306.676000	0.054339
1307.675000	0.052670
1308.676000	0.051706
1309.675000	0.050457
1310.675000	0.051273
1311.672000	0.051620
1312.671000	0.050032
1313.671000	0.050493
1314.670000	0.048943
1315.671000	0.050382
1316.670000	0.048994
1317.669000	0.048262
1318.669000	0.048292
1319.670000	0.047823
1320.672000	0.047288
1321.672000	0.048318
1322.671000	0.049455
1323.672000	0.051757
1324.670000	0.051181
1325.671000	0.047688
1326.670000	0.048810
1327.670000	0.046770
1328.672000	0.048633
1329.671000	0.044853
1330.672000	0.047385
1331.674000	0.044616
1332.674000	0.045678
1333.674000	0.043816
1334.676000	0.043546
1335.676000	0.044405
1336.675000	0.044198
1337.677000	0.044906
1338.678000	0.044057
1339.680000	0.043538
1340.681000	0.044088
1341.682000	0.043644
1342.683000	0.045720
1343.683000	0.044937
1344.686000	0.046086
1345.685000	0.046626
1346.685000	0.045160
1347.685000	0.047527
1348.684000	0.044483
1349.686000	0.046351
1350.687000	0.046533
1351.688000	0.046001
1352.689000	0.047732
1353.689000	0.044902
1354.688000	0.047452
1355.687000	0.046797
1356.687000	0.047642
1357.685000	0.046232
1358.684000	0.049797
1359.683000	0.045923
1360.686000	0.047488
1361.687000	0.048342
1362.689000	0.046280
1363.689000	0.045038
1364.691000	0.045381
1365.693000	0.046121
1366.694000	0.043652
1367.694000	0.046026
1368.695000	0.043838
1369.696000	0.048863
1370.697000	0.045732
1371.700000	0.047029
1372.723000	0.048861
1373.725000	0.050032
1374.726000	0.058456
1375.726000	0.055392
1376.726000	0.056824
1377.723000	0.056741
1378.723000	0.056439
1379.722000	0.056764
1380.723000	0.055100
1381.721000	0.052038
1382.722000	0.050243
1383.722000	0.050319
1384.722000	0.048703
1385.724000	0.049828
1386.723000	0.047359
1387.723000	0.047913
1388.725000	0.046794
1389.725000	0.046587
1390.725000	0.047795
1391.724000	0.045877
1392.722000	0.045720
1393.725000	0.045570
1394.727000	0.048142
1395.726000	0.050935
1396.727000	0.048335
1397.727000	0.048744
1398.728000	0.050064
1399.730000	0.045082
1400.732000	0.044337
1401.734000	0.046279
1402.734000	0.045473
1403.735000	0.044404
1404.736000	0.044444
1405.739000	0.043274
1406.741000	0.047947
1407.741000	0.045333
1408.742000	0.044967
1409.744000	0.048458
1410.744000	0.047497
1411.744000	0.048353
1412.742000	0.049907
1413.742000	0.049006
1414.743000	0.048885
1415.743000	0.050424
1416.743000	0.052249
1417.743000	0.054310
1418.743000	0.054560
1419.744000	0.057486
1420.744000	0.055003
1421.744000	0.056094
1422.744000	0.056158
1423.742000	0.056780
1424.742000	0.061606
1425.740000	0.056549
1426.738000	0.062309
1427.737000	0.056712
1428.735000	0.056843
1429.736000	0.056119
1430.734000	0.056711
1431.733000	0.055492
1432.732000	0.053370
1433.732000	0.051976
1434.729000	0.048235
1435.731000	0.046314
1436.731000	0.046194
1437.730000	0.045161
1438.730000	0.044645
1439.730000	0.046500
1440.731000	0.047240
1441.733000	0.043782
1442.735000	0.044954
1443.734000	0.043611
1444.734000	0.045841
1445.734000	0.044342
1446.736000	0.043851
1447.738000	0.044389
1448.737000	0.045331
1449.738000	0.043830
1450.739000	0.043592
1451.741000	0.045888
1452.743000	0.045081
1453.744000	0.043724
1454.747000	0.046400
1455.748000	0.044693
1456.750000	0.044213
1457.751000	0.044479
1458.752000	0.045710
1459.752000	0.045482
1460.754000	0.045711
1461.754000	0.045858
1462.754000	0.044837
1463.754000	0.044838
1464.754000	0.046794
1465.754000	0.045577
1466.753000	0.044274
1467.755000	0.044536
1468.756000	0.044118
1469.758000	0.045931
1470.759000	0.045863
1471.760000	0.046440
1472.761000	0.046645
1473.762000	0.044317
1474.763000	0.047430
1475.762000	0.044008
1476.764000	0.046784
1477.765000	0.044713
1478.767000	0.045206
1479.768000	0.046458
1480.768000	0.046792
1481.770000	0.045427
1482.769000	0.044681
1483.768000	0.043351
1484.770000	0.043991
1485.771000	0.043919
1486.772000	0.046077
1487.774000	0.043808
1488.775000	0.044184
1489.775000	0.044292
1490.775000	0.044418
1491.776000	0.045429
1492.778000	0.045788
1493.778000	0.047255
1494.779000	0.045884
1495.781000	0.045955
1496.782000	0.046048
1497.782000	0.049381
1498.783000	0.047936
1499.782000	0.046794
1500.784000	0.046041
1501.784000	0.046943
1502.782000	0.049324
1503.783000	0.047523
1504.784000	0.048820
1505.784000	0.049255
1506.784000	0.048543
1507.785000	0.048698
1508.783000	0.048854
1509.784000	0.049102
1510.783000	0.048191
1511.784000	0.049875
1512.783000	0.051037
1513.784000	0.048124
1514.784000	0.050070
1515.783000	0.049274
1516.783000	0.052408
1517.783000	0.051608
1518.782000	0.055835
1519.780000	0.053558
1520.780000	0.055182
1521.780000	0.054755
1522.778000	0.055639
1523.777000	0.054864
1524.777000	0.054361
1525.774000	0.055065
1526.773000	0.055291
1527.772000	0.056963
1528.772000	0.056205
1529.771000	0.057447
1530.769000	0.057202
1531.768000	0.056320
1532.766000	0.055791
1533.766000	0.057069
1534.764000	0.057579
1535.764000	0.056921
1536.765000	0.055504
1537.765000	0.055862
1538.765000	0.054703
1539.766000	0.059063
1540.766000	0.056349
1541.765000	0.056458
1542.766000	0.055828
1543.767000	0.056143
1544.767000	0.057309
1545.768000	0.059012
1546.766000	0.057825
1547.765000	0.057049
1548.764000	0.057035
1549.763000	0.057986
1550.762000	0.056353
1551.762000	0.056490
1552.761000	0.055720
1553.760000	0.056761
1554.758000	0.056697
1555.760000	0.057356
1556.759000	0.058072
1557.757000	0.055624
1558.758000	0.055936
1559.756000	0.055485
1560.755000	0.054792
1561.755000	0.055225
1562.755000	0.054493
1563.755000	0.054919
1564.756000	0.056160
1565.755000	0.055527
1566.755000	0.056322
1567.755000	0.055434
1568.755000	0.055885
1569.754000	0.055359
1570.755000	0.054596
1571.754000	0.053677
1572.754000	0.055961
1573.753000	0.054664
1574.751000	0.053702
1575.750000	0.054499
1576.750000	0.052551
1577.752000	0.050095
1578.751000	0.052495
1579.750000	0.051784
1580.751000	0.053954
1581.752000	0.049510
1582.751000	0.047894
1583.752000	0.051470
1584.752000	0.049943
1585.754000	0.048170
1586.757000	0.048799
1587.756000	0.049540
1588.758000	0.048274
1589.758000	0.050754
1590.756000	0.051743
1591.757000	0.050622
1592.756000	0.050797
1593.755000	0.051137
1594.754000	0.049412
1595.755000	0.049922
1596.756000	0.047650
1597.756000	0.047739
1598.756000	0.047327
1599.756000	0.047659
1600.755000	0.050742
1601.755000	0.047661
1602.755000	0.049110
1603.755000	0.053131
1604.754000	0.047741
1605.754000	0.048319
1606.755000	0.048397
1607.755000	0.049715
1608.755000	0.047733
1609.757000	0.050190
1610.754000	0.053240
1611.756000	0.050749
1612.754000	0.050432
1613.754000	0.052690
1614.754000	0.052500
1615.754000	0.053112
1616.754000	0.054503
1617.755000	0.056146
1618.753000	0.054854
1619.752000	0.052896
1620.752000	0.051717
1621.751000	0.051247
1622.751000	0.050416
1623.753000	0.051009
1624.754000	0.051066
1625.754000	0.050761
1626.753000	0.052145
1627.752000	0.053462
1628.750000	0.054648
1629.749000	0.053050
1630.749000	0.056615
1631.749000	0.051596
1632.748000	0.050362
1633.747000	0.050459
1634.747000	0.048194
1635.749000	0.048976
1636.750000	0.049026
1637.749000	0.048347
1638.749000	0.050343
1639.747000	0.049983
1640.747000	0.050403
1641.745000	0.052838
1642.745000	0.052074
1643.746000	0.053260
1644.746000	0.053202
1645.746000	0.054893
1646.747000	0.054790
1647.748000	0.054471
1648.746000	0.054285
1649.749000	0.055888
1650.749000	0.055594
1651.748000	0.053286
1652.747000	0.053737
1653.747000	0.055183
1654.747000	0.053383
1655.746000	0.051825
1656.745000	0.052167
1657.745000	0.050409
1658.747000	0.049762
1659.747000	0.049069
1660.745000	0.048005
1661.746000	0.046836
1662.747000	0.045352
1663.748000	0.046421
1664.750000	0.046768
1665.752000	0.048384
1666.753000	0.046385
1667.752000	0.048084
1668.751000	0.052976
1669.753000	0.057380
1670.757000	0.056736
1671.759000	0.059750
1672.759000	0.057652
1673.758000	0.057353
1674.760000	0.056759
1675.761000	0.057141
1676.761000	0.055765
1677.762000	0.051686
1678.761000	0.053040
1679.759000	0.054130
1680.757000	0.050519
1681.757000	0.045826
1682.756000	0.047481
1683.758000	0.044369
1684.758000	0.044177
1685.759000	0.044587
1686.759000	0.048749
1687.760000	0.045802
1688.759000	0.048751
1689.759000	0.048229
1690.760000	0.052345
1691.757000	0.055856
1692.759000	0.053001
1693.758000	0.054814
1694.757000	0.057356
1695.755000	0.057456
1696.756000	0.059386
1697.754000	0.056810
1698.754000	0.059000
1699.755000	0.060173
1700.755000	0.054502
1701.753000	0.056901
1702.752000	0.052444
1703.749000	0.053571
1704.747000	0.050595
1705.748000	0.047850
1706.748000	0.048843
1707.747000	0.048819
1708.749000	0.048693
1709.750000	0.047135
1710.751000	0.048826
1711.751000	0.048330
1712.750000	0.047953
1713.751000	0.046565
1714.752000	0.047520
1715.753000	0.047021
1716.755000	0.046484
1717.756000	0.047856
1718.756000	0.048561
1719.758000	0.051559
1720.758000	0.051836
1721.758000	0.047450
1722.758000	0.047713
1723.759000	0.047658
1724.758000	0.046570
1725.758000	0.048732
1726.757000	0.046882
1727.757000	0.047368
1728.756000	0.045836
1729.759000	0.051128
1730.758000	0.046783
1731.760000	0.048188
1732.760000	0.044996
1733.760000	0.045592
1734.762000	0.046651
1735.762000	0.046379
1736.762000	0.044556
1737.763000	0.044721
1738.763000	0.043754
1739.766000	0.045769
1740.768000	0.046543
1741.770000	0.045422
1742.771000	0.044508
1743.773000	0.048070
1744.774000	0.049611
1745.774000	0.045681
1746.774000	0.046398
1747.775000	0.047304
1748.776000	0.045737
1749.776000	0.045826
1750.777000	0.048846
1751.777000	0.046620
1752.778000	0.047999
1753.776000	0.048065
1754.777000	0.046529
1755.778000	0.046778
1756.778000	0.053230
1757.780000	0.047568
1758.782000	0.048653
1759.781000	0.047975
1760.781000	0.051841
1761.781000	0.047434
1762.782000	0.051909
1763.781000	0.050304
1764.781000	0.051342
1765.779000	0.051503
1766.779000	0.049558
1767.780000	0.050745
1768.782000	0.049742
1769.782000	0.049218
1770.782000	0.046897
1771.783000	0.049316
1772.784000	0.048623
1773.783000	0.046697
1774.783000	0.046374
1775.784000	0.047168
1776.786000	0.047894
1777.788000	0.048113
1778.790000	0.045734
1779.790000	0.046340
1780.790000	0.047635
1781.790000	0.046111
1782.790000	0.046718
1783.791000	0.048897
1784.791000	0.049266
1785.790000	0.048478
1786.794000	0.049287
1787.793000	0.050551
1788.792000	0.049223
1789.793000	0.049886
1790.791000	0.048546
1791.790000	0.047856
1792.790000	0.047708
1793.790000	0.050560
1794.790000	0.049032
1795.790000	0.050429
1796.790000	0.049953
1797.788000	0.052454
1798.787000	0.050158
1799.784000	0.052571
1800.784000	0.053118
1801.783000	0.052598
1802.782000	0.052298
1803.781000	0.051289
1804.781000	0.051060
1805.781000	0.051144
1806.782000	0.049788
1807.784000	0.055526
1808.784000	0.052293
1809.784000	0.050694
1810.783000	0.050380
1811.784000	0.050075
1812.784000	0.050030
1813.785000	0.051517
1814.783000	0.049642
1815.783000	0.050275
1816.785000	0.051843
1817.783000	0.052823
1818.783000	0.051055
1819.782000	0.053245
1820.783000	0.051292
1821.784000	0.051290
1822.784000	0.051953
1823.784000	0.051128
1824.783000	0.048855
1825.783000	0.049985
1826.785000	0.049401
1827.786000	0.046159
1828.785000	0.048337
1829.785000	0.050948
1830.784000	0.046877
1831.786000	0.048647
1832.787000	0.048151
1833.786000	0.047203
1834.788000	0.048622
1835.788000	0.048573
1836.788000	0.047739
1837.789000	0.049753
1838.789000	0.049022
1839.790000	0.050265
1840.790000	0.049315
1841.789000	0.052461
1842.789000	0.049540
1843.790000	0.049043
1844.789000	0.051437
1845.788000	0.049959
1846.787000	0.047604
1847.786000	0.049105
1848.785000	0.049473
1849.785000	0.046927
1850.786000	0.048784
1851.787000	0.048496
1852.788000	0.050077
1853.790000	0.047824
1854.792000	0.048531
1855.791000	0.047244
1856.791000	0.050039
1857.791000	0.046944
1858.791000	0.048306
1859.793000	0.047992
1860.792000	0.047291
1861.793000	0.047149
1862.795000	0.048119
1863.795000	0.048635
1864.796000	0.048508
1865.795000	0.047296
1866.795000	0.046092
1867.795000	0.046751
1868.795000	0.046274
1869.795000	0.047225
1870.795000	0.046105
1871.797000	0.047084
1872.796000	0.047211
1873.796000	0.048537
1874.798000	0.046825
1875.798000	0.048340
1876.797000	0.048550
1877.797000	0.047330
1878.797000	0.047629
1879.797000	0.050392
1880.797000	0.045835
1881.797000	0.049283
1882.799000	0.045489
1883.801000	0.046675
1884.801000	0.047587
1885.802000	0.046435
1886.803000	0.046897
1887.801000	0.044835
1888.801000	0.047389
1889.802000	0.047557
1890.805000	0.046113
1891.805000	0.045324
1892.808000	0.047978
1893.808000	0.046112
1894.810000	0.047768
1895.810000	0.045945
1896.812000	0.045672
1897.811000	0.045721
1898.812000	0.046689
1899.831000	0.046803
1900.843000	0.045609
1901.844000	0.044510
1902.843000	0.044810
1903.845000	0.045645
1904.845000	0.044695
1905.849000	0.045888
1906.851000	0.044251
1907.851000	0.045709
1908.854000	0.044842
1909.855000	0.044357
1910.857000	0.045414
1911.856000	0.044257
1912.856000	0.044165
1913.857000	0.048163
1914.858000	0.046134
1915.859000	0.045554
1916.859000	0.048277
1917.860000	0.046356
1918.859000	0.046239
1919.859000	0.046124
1920.860000	0.048426
1921.859000	0.047823
1922.858000	0.046785
1923.857000	0.047057
1924.856000	0.048196
1925.855000	0.048254
1926.856000	0.045431
1927.859000	0.046480
1928.859000	0.045380
1929.858000	0.046829
1930.858000	0.049093
1931.858000	0.049223
1932.858000	0.048261
1933.859000	0.048340
1934.859000	0.049683
1935.859000	0.048102
1936.858000	0.048762
1937.859000	0.049176
1938.859000	0.050085
1939.859000	0.050311
1940.858000	0.052385
1941.858000	0.048557
1942.858000	0.048744
1943.857000	0.051359
1944.857000	0.052691
1945.858000	0.050596
1946.857000	0.048886
1947.856000	0.048351
1948.856000	0.049469
1949.857000	0.047987
1950.859000	0.048487
1951.858000	0.048576
1952.857000	0.049186
1953.858000	0.049363
1954.858000	0.048955
1955.857000	0.049310
1956.859000	0.046311
1957.858000	0.047379
1958.857000	0.048084
1959.858000	0.047092
1960.856000	0.049645
1961.857000	0.048117
1962.858000	0.048198
1963.859000	0.052361
1964.860000	0.052767
1965.862000	0.051109
1966.861000	0.054863
1967.862000	0.055205
1968.860000	0.054915
1969.861000	0.057898
1970.860000	0.057262
1971.858000	0.058176
1972.856000	0.057163
1973.856000	0.058952
1974.854000	0.058193
1975.853000	0.057552
1976.851000	0.056628
1977.851000	0.055220
1978.850000	0.055449
1979.850000	0.053338
1980.850000	0.053176
1981.850000	0.050024
1982.850000	0.049146
1983.851000	0.048233
1984.850000	0.051023
1985.849000	0.048861
1986.847000	0.046244
1987.845000	0.044330
1988.847000	0.047767
1989.847000	0.043853
1990.849000	0.043666
1991.851000	0.045039
1992.853000	0.046463
1993.855000	0.046199
1994.855000	0.049369
1995.854000	0.046909
1996.853000	0.049244
1997.853000	0.048709
1998.866000	0.053633
1999.877000	0.053093
2000.877000	0.055024
2001.876000	0.055439
2002.896000	0.056059
2003.897000	0.057684
2004.916000	0.058902
2005.914000	0.057692
2006.915000	0.058721
2007.914000	0.057473
2008.914000	0.055091
2009.915000	0.054709
2010.915000	0.055181
2011.914000	0.051443
2012.916000	0.048759
2013.916000	0.050435
2014.917000	0.049611
2015.917000	0.046412
2016.916000	0.045087
2017.917000	0.046594
2018.918000	0.047272
2019.919000	0.045794
2020.922000	0.044311
2021.925000	0.046086
2022.925000	0.047732
2023.926000	0.044459
2024.929000	0.045290
2025.931000	0.043793
2026.933000	0.044940
2027.936000	0.046062
2028.936000	0.047309
2029.937000	0.044356
2030.938000	0.046181
2031.939000	0.045605
2032.940000	0.045992
2033.939000	0.045748
2034.940000	0.046990
2035.940000	0.046556
2036.940000	0.050362
2037.938000	0.052054
2038.937000	0.049585
2039.936000	0.049888
2040.934000	0.051043
2041.933000	0.051762
2042.934000	0.053497
2043.936000	0.053909
2044.937000	0.052978
2045.937000	0.054501
2046.936000	0.055832
2047.935000	0.054069
2048.935000	0.055347
2049.935000	0.054436
2050.934000	0.054569
2051.934000	0.055034
2052.934000	0.054828
2053.934000	0.057061
2054.933000	0.055903
2055.934000	0.056138
2056.932000	0.057372
2057.933000	0.056699
2058.934000	0.056527
2059.932000	0.058255
2060.931000	0.056291
2061.931000	0.057765
2062.931000	0.057074
2063.931000	0.057194
2064.933000	0.057588
2065.934000	0.056132
2066.936000	0.057209
2067.934000	0.057515
2068.936000	0.057311
2069.936000	0.056050
2070.934000	0.057001
2071.931000	0.057358
2072.929000	0.058372
2073.928000	0.056620
2074.928000	0.058477
2075.926000	0.056351
2076.924000	0.057244
2077.924000	0.059620
2078.922000	0.056912
2079.921000	0.056060
2080.921000	0.056741
2081.921000	0.055640
2082.921000	0.055961
2083.920000	0.057871
2084.920000	0.057896
2085.919000	0.057353
2086.923000	0.056487
2087.923000	0.058122
2088.921000	0.057380
2089.920000	0.059977
2090.919000	0.057550
2091.917000	0.059064
2092.917000	0.057341
2093.916000	0.057544
2094.916000	0.056092
2095.914000	0.060328
2096.914000	0.057730
2097.916000	0.058085
2098.916000	0.056226
2099.914000	0.057068
2100.912000	0.057270
2101.913000	0.056926
2102.912000	0.056807
2103.912000	0.056866
2104.910000	0.056439
2105.909000	0.056071
2106.910000	0.058112
2107.910000	0.057081
2108.911000	0.056188
2109.911000	0.059112
2110.910000	0.060684
2111.909000	0.055568
2112.911000	0.056680
2113.911000	0.056791
2114.909000	0.056664
2115.910000	0.057413
2116.910000	0.057329
2117.908000	0.056492
2118.907000	0.057345
2119.905000	0.057375
2120.905000	0.058526
2121.906000	0.056477
2122.906000	0.057733
2123.904000	0.057155
2124.903000	0.059408
2125.902000	0.058692
2126.901000	0.057271
2127.900000	0.058564
2128.899000	0.057799
2129.900000	0.057618
2130.898000	0.058022
2131.897000	0.057310
2132.897000	0.057883
2133.896000	0.056539
2134.895000	0.058087
2135.893000	0.056785
2136.891000	0.056599
2137.890000	0.058405
2138.891000	0.056426
2139.891000	0.056452
2140.893000	0.059859
2141.892000	0.057346
2142.892000	0.057495
2143.892000	0.058681
2144.890000	0.058281
2145.888000	0.057629
2146.889000	0.057923
2147.887000	0.058473
2148.885000	0.056393
2149.881000	0.056100
2150.881000	0.055892
2151.883000	0.055970
2152.883000	0.056751
2153.882000	0.057238
2154.881000	0.056830
2155.883000	0.056400
2156.884000	0.057814
2157.883000	0.057353
2158.884000	0.058404
2159.884000	0.057895
2160.884000	0.057457
2161.883000	0.058440
2162.885000	0.056989
2163.886000	0.056537
2164.885000	0.058158
2165.884000	0.056969
2166.883000	0.056995
2167.880000	0.057752
2168.879000	0.059090
2169.877000	0.057749
2170.876000	0.058519
2171.876000	0.057871
2172.875000	0.057518
2173.873000	0.056316
2174.871000	0.057274
2175.871000	0.056965
2176.871000	0.057965
2177.867000	0.058257
2178.866000	0.059009
2179.868000	0.057354
2180.868000	0.057149
2181.869000	0.057339
2182.868000	0.058728
2183.866000	0.057247
2184.865000	0.057623
2185.865000	0.057042
2186.864000	0.056627
2187.864000	0.056027
2188.863000	0.056605
2189.861000	0.058003
2190.859000	0.057043
2191.859000	0.055672
2192.858000	0.055446
2193.856000	0.056055
2194.857000	0.054914
2195.857000	0.054591
2196.857000	0.054297
2197.857000	0.053680
2198.855000	0.053670
2199.855000	0.052677
2200.855000	0.054732
2201.855000	0.051534
2202.856000	0.055142
2203.855000	0.053202
2204.854000	0.050105
2205.854000	0.049663
2206.853000	0.048830
2207.852000	0.048977
2208.851000	0.050308
2209.853000	0.048427
2210.853000	0.047544
2211.853000	0.047225
2212.854000	0.047568
2213.855000	0.047010
2214.854000	0.046255
2215.855000	0.049406
2216.854000	0.046747
2217.856000	0.045791
2218.854000	0.046960
2219.855000	0.050825
2220.852000	0.051046
2221.852000	0.047374
2222.851000	0.047254
2223.852000	0.045819
2224.854000	0.047070
2225.856000	0.046082
2226.856000	0.048887
2227.857000	0.048474
2228.859000	0.046380
2229.862000	0.046376
2230.862000	0.045380
2231.863000	0.044255
2232.863000	0.046387
2233.864000	0.045441
2234.865000	0.045493
2235.865000	0.046560
2236.866000	0.046549
2237.866000	0.046275
2238.867000	0.046901
2239.866000	0.045291
2240.866000	0.046190
2241.867000	0.047279
2242.867000	0.046109
2243.866000	0.045430
2244.870000	0.047529
2245.871000	0.047124
2246.871000	0.047334
2247.871000	0.045619
2248.872000	0.047808
2249.874000	0.047060
2250.875000	0.050344
2251.874000	0.048830
2252.874000	0.048034
2253.874000	0.049481
2254.874000	0.050139
2255.874000	0.050421
2256.875000	0.049185
2257.876000	0.050348
2258.876000	0.047715
2259.876000	0.051673
2260.875000	0.050418
2261.875000	0.047985
2262.874000	0.045519
2263.873000	0.046107
2264.872000	0.046934
2265.871000	0.048351
2266.871000	0.049437
2267.872000	0.049991
2268.872000	0.054349
2269.871000	0.056430
2270.872000	0.057672
2271.871000	0.061175
2272.871000	0.058803
2273.870000	0.058849
2274.869000	0.056965
2275.870000	0.055227
2276.871000	0.051147
2277.871000	0.048872
2278.869000	0.048815
2279.870000	0.046416
2280.870000	0.047758
2281.871000	0.047033
2282.870000	0.046352
2283.871000	0.045505
2284.873000	0.046909
2285.874000	0.045661
2286.874000	0.047812
2287.875000	0.048056
2288.873000	0.050259
2289.874000	0.050423
2290.872000	0.050890
2291.872000	0.053871
2292.873000	0.054949
2293.871000	0.058129
2294.872000	0.059200
2295.872000	0.058709
2296.871000	0.059701
2297.872000	0.058706
2298.871000	0.060457
2299.870000	0.060012
2300.868000	0.057432
2301.868000	0.061269
2302.866000	0.058631
2303.880000	0.061338
2304.889000	0.053724
2305.892000	0.052949
2306.891000	0.052691
2307.891000	0.049735
2308.890000	0.052205
2309.890000	0.048570
2310.890000	0.050180
2311.889000	0.049703
2312.890000	0.049073
2313.889000	0.047321
2314.889000	0.050561
2315.889000	0.048560
2316.888000	0.048779
2317.887000	0.049762
2318.889000	0.046032
2319.889000	0.048230
2320.887000	0.047360
2321.888000	0.049138
2322.890000	0.045855
2323.891000	0.046486
2324.892000	0.049607
2325.891000	0.044556
2326.893000	0.046997
2327.893000	0.048992
2328.892000	0.047497
2329.892000	0.045720
2330.890000	0.045472
2331.892000	0.048438
2332.891000	0.045689
2333.893000	0.046650
2334.895000	0.046675
2335.896000	0.046835
2336.895000	0.050256
2337.895000	0.046164
2338.894000	0.050027
2339.894000	0.046016
2340.895000	0.047722
2341.894000	0.046776
2342.894000	0.047418
2343.894000	0.046219
2344.894000	0.047531
2345.901000	0.047258
2346.907000	0.047946
2347.908000	0.047832
2348.909000	0.046360
2349.910000	0.045784
2350.911000	0.046710
2351.910000	0.047011
2352.911000	0.046849
2353.910000	0.047821
2354.909000	0.048236
2355.910000	0.049672
2356.910000	0.048431
2357.912000	0.049038
2358.911000	0.051524
2359.910000	0.050272
2360.909000	0.050957
2361.909000	0.049928
2362.908000	0.051997
2363.907000	0.051049
2364.907000	0.051362
2365.906000	0.051140
2366.907000	0.050230
2367.906000	0.051437
2368.907000	0.051500
2369.904000	0.052256
2370.906000	0.052753
2371.906000	0.052214
2372.906000	0.053391
2373.905000	0.050067
2374.907000	0.051112
2375.908000	0.050934
2376.908000	0.050342
2377.908000	0.050849
2378.908000	0.049666
2379.908000	0.050015
2380.907000	0.049912
2381.908000	0.048836
2382.910000	0.048523
2383.910000	0.048130
2384.930000	0.049666
2385.947000	0.051324
2386.947000	0.049187
2387.947000	0.049564
2388.946000	0.048393
2389.948000	0.047569
2390.949000	0.048606
2391.949000	0.049639
2392.946000	0.049541
2393.946000	0.050196
2394.947000	0.050147
2395.947000	0.049824
2396.948000	0.049692
2397.948000	0.051197
2398.947000	0.050935
2399.948000	0.052231
2400.948000	0.050151
2401.947000	0.050410
2402.944000	0.048597
2403.944000	0.047937
2404.944000	0.047003
2405.943000	0.048247
2406.943000	0.047351
2407.945000	0.046189
2408.945000	0.048467
2409.947000	0.046159
2410.949000	0.046580
2411.951000	0.046724
2412.951000	0.048580
2413.950000	0.047770
2414.950000	0.045973
2415.950000	0.045064
2416.950000	0.046847
2417.953000	0.045216
2418.995000	0.046485
2419.996000	0.046930
2420.994000	0.049605
2421.993000	0.047796
2422.995000	0.045662
2423.998000	0.046412
2424.999000	0.048023
2425.999000	0.048735
2427.001000	0.046059
2428.000000	0.048797
2429.001000	0.046820
2430.004000	0.046833
2431.003000	0.045884
2432.005000	0.049852
2433.004000	0.048167
2434.005000	0.048967
2435.005000	0.046072
2436.006000	0.048671
2437.008000	0.050173
2438.010000	0.049109
2439.013000	0.046186
2440.015000	0.046965
2441.016000	0.048859
2442.017000	0.048012
2443.016000	0.046662
2444.016000	0.046398
2445.016000	0.046340
2446.016000	0.048036
2447.016000	0.048203
2448.014000	0.049881
2449.016000	0.048038
2450.017000	0.048759
2451.015000	0.049706
2452.016000	0.048089
2453.017000	0.048810
2454.018000	0.050528
2455.019000	0.048257
2456.018000	0.048225
2457.019000	0.049446
2458.018000	0.049335
2459.019000	0.053898
2460.019000	0.048237
2461.021000	0.047595
2462.022000	0.047406
2463.021000	0.048205
2464.022000	0.046267
2465.022000	0.048418
2466.023000	0.047551
2467.021000	0.046971
2468.021000	0.048461
2469.022000	0.046568
2470.023000	0.045944
2471.024000	0.046921
2472.025000	0.047189
2473.025000	0.049072
2474.025000	0.050032
2475.026000	0.047665
2476.026000	0.048018
2477.028000	0.045586
2478.029000	0.045948
2479.032000	0.046791
2480.032000	0.048230
2481.033000	0.046532
2482.035000	0.047066
2483.037000	0.047348
2484.037000	0.046385
2485.037000	0.045830
2486.037000	0.048000
2487.037000	0.046496
2488.036000	0.047947
2489.037000	0.050143
2490.054000	0.046543
2491.067000	0.050113
2492.068000	0.049291
2493.069000	0.048318
2494.068000	0.048606
2495.071000	0.048069
2496.073000	0.047399
2497.072000	0.049336
2498.072000	0.048335
2499.072000	0.048280
2500.074000	0.049396
2501.074000	0.048024
2502.072000	0.049937
2503.071000	0.049841
2504.070000	0.049066
2505.069000	0.048973
2506.070000	0.050136
2507.070000	0.048901
2508.071000	0.048268
2509.070000	0.052749
2510.071000	0.048893
2511.071000	0.049487
2512.070000	0.047543
2513.069000	0.048227
2514.072000	0.046135
2515.072000	0.047177
2516.072000	0.048129
2517.073000	0.047252
2518.073000	0.046895
2519.074000	0.046034
2520.073000	0.046029
2521.074000	0.047985
2522.079000	0.048858
2523.089000	0.045525
2524.090000	0.045500
2525.091000	0.047481
2526.091000	0.046050
2527.097000	0.046432
2528.098000	0.048095
2529.099000	0.046616
2530.100000	0.046217
2531.100000	0.045075
2532.102000	0.047901
2533.104000	0.048462
2534.104000	0.046549
2535.104000	0.048020
2536.103000	0.046350
2537.104000	0.046382
2538.105000	0.046991
2539.106000	0.045609
2540.107000	0.045543
2541.108000	0.048109
2542.107000	0.046908
2543.107000	0.045780
2544.108000	0.050020
2545.108000	0.049679
2546.108000	0.049438
2547.108000	0.047836
2548.107000	0.046203
2549.107000	0.046717
2550.107000	0.055260
2551.108000	0.048945
2552.108000	0.048195
2553.109000	0.048363
2554.110000	0.047321
2555.111000	0.050680
2556.111000	0.047544
2557.110000	0.049866
2558.109000	0.046558
2559.109000	0.046968
2560.111000	0.046358
2561.113000	0.046077
2562.112000	0.044851
2563.113000	0.045393
2564.114000	0.046124
2565.116000	0.046280
2566.118000	0.046962
2567.120000	0.048736
2568.121000	0.050384
2569.132000	0.055360
2570.134000	0.055566
2571.133000	0.057616
2572.133000	0.060318
2573.133000	0.058939
2574.132000	0.057674
2575.132000	0.059262
2576.131000	0.056834
2577.133000	0.054818
2578.132000	0.053121
2579.132000	0.054413
2580.131000	0.050718
2581.131000	0.049926
2582.131000	0.050771
2583.131000	0.049342
2584.132000	0.048426
2585.134000	0.050549
2586.135000	0.051151
2587.133000	0.049440
2588.133000	0.048895
2589.134000	0.046951
2590.134000	0.045870
2591.135000	0.046474
2592.135000	0.047951
2593.135000	0.048321
2594.135000	0.047621
2595.134000	0.047119
2596.135000	0.048027
2597.135000	0.047580
2598.134000	0.047426
2599.134000	0.047533
2600.132000	0.047405
2601.133000	0.049310
2602.133000	0.048314
2603.133000	0.050064
2604.133000	0.052842
2605.132000	0.052399
2606.130000	0.053962
2607.129000	0.053902
2608.129000	0.053640
2609.130000	0.055323
2610.128000	0.056212
2611.127000	0.055964
2612.127000	0.056106
2613.128000	0.056934
2614.127000	0.057488
2615.125000	0.058170
2616.124000	0.058868
2617.123000	0.056318
2618.123000	0.058258
2619.122000	0.056931
2620.121000	0.056922
2621.121000	0.058419
2622.121000	0.058157
2623.119000	0.057714
2624.117000	0.058012
2625.117000	0.058516
2626.115000	0.057877
2627.114000	0.058482
2628.113000	0.060599
2629.112000	0.057122
2630.112000	0.056656
2631.114000	0.054797
2632.115000	0.058163
2633.115000	0.054695
2634.115000	0.056649
2635.117000	0.054182
2636.117000	0.054069
2637.117000	0.054407
2638.116000	0.054091
2639.115000	0.057407
2640.116000	0.052373
2641.116000	0.049911
2642.115000	0.050166
2643.115000	0.047978
2644.115000	0.049550
2645.114000	0.048826
2646.113000	0.049742
2647.113000	0.049360
2648.113000	0.047296
2649.115000	0.047513
2650.118000	0.046338
2651.118000	0.047078
2652.119000	0.046192
2653.120000	0.048327
2654.121000	0.047373
2655.123000	0.048100
2656.121000	0.051010
2657.121000	0.047433
2658.121000	0.048307
2659.123000	0.045550
2660.125000	0.049636
2661.124000	0.046686
2662.124000	0.048749
2663.125000	0.045911
2664.125000	0.046542
2665.126000	0.046124
2666.125000	0.045824
2667.125000	0.046652
2668.124000	0.046734
2669.124000	0.045455
2670.124000	0.046390
2671.123000	0.047122
2672.123000	0.048395
2673.124000	0.046910
2674.124000	0.047240
2675.123000	0.044473
2676.124000	0.046518
2677.126000	0.045694
2678.128000	0.046072
2679.127000	0.046622
2680.129000	0.044407
2681.129000	0.047718
2682.127000	0.047510
2683.127000	0.044612
2684.129000	0.047603
2685.129000	0.045938
2686.131000	0.047606
2687.132000	0.045135
2688.135000	0.045336
2689.135000	0.048134
2690.136000	0.045523
2691.138000	0.045849
2692.140000	0.045660
2693.141000	0.045421
2694.142000	0.046631
2695.144000	0.046086
2696.146000	0.046251
2697.147000	0.045644
2698.147000	0.047063
2699.148000	0.044816
2700.150000	0.044899
2701.153000	0.045275
2702.154000	0.046606
2703.153000	0.046181
2704.154000	0.047536
2705.156000	0.045415
2706.157000	0.045927
2707.157000	0.047866
2708.157000	0.048467
2709.158000	0.048340
2710.160000	0.045519
2711.162000	0.050832
2712.162000	0.045454
2713.162000	0.046426
2714.165000	0.045740
2715.167000	0.049549
2716.167000	0.046936
2717.165000	0.046673
2718.165000	0.045315
2719.167000	0.048211
2720.168000	0.045915
2721.169000	0.045276
2722.170000	0.046376
2723.170000	0.046533
2724.170000	0.045259
2725.170000	0.048642
2726.171000	0.045401
2727.177000	0.048585
2728.185000	0.047958
2729.189000	0.047139
2730.194000	0.045703
2731.195000	0.045315
2732.197000	0.047318
2733.198000	0.046356
2734.198000	0.048105
2735.200000	0.047087
2736.199000	0.048209
2737.199000	0.045514
2738.201000	0.047339
2739.203000	0.049492
2740.202000	0.046869
2741.202000	0.048611
2742.201000	0.048874
2743.198000	0.046777
2744.206000	0.047909
2745.207000	0.049626
2746.206000	0.047910
2747.210000	0.047755
2748.212000	0.048004
2749.211000	0.051272
2750.213000	0.050857
2751.212000	0.049309
2752.212000	0.050496
2753.216000	0.051420
2754.216000	0.052067
2755.238000	0.050388
2756.239000	0.052424
2757.237000	0.052234
2758.237000	0.051968
2759.237000	0.052319
2760.269000	0.052744
2761.267000	0.052770
2762.266000	0.052772
2763.265000	0.052472
2764.263000	0.052258
2765.263000	0.051820
2766.264000	0.053124
2767.263000	0.052465
2768.262000	0.054670
2769.262000	0.054468
2770.263000	0.055790
2771.338000	0.054806
2772.339000	0.053964
2773.340000	0.056236
2774.357000	0.053473
2775.367000	0.054678
2776.365000	0.054567
2777.363000	0.054640
2778.363000	0.052305
2779.362000	0.052430
2780.364000	0.052236
2781.367000	0.052527
2782.365000	0.053829
2783.370000	0.054231
2784.370000	0.055394
2785.369000	0.055574
2786.367000	0.055903
2787.369000	0.055025
2788.369000	0.054390
2789.371000	0.054691
2790.372000	0.054964
2791.372000	0.053919
2792.375000	0.055771
2793.375000	0.055696
2794.374000	0.056231
2795.374000	0.054713
2796.374000	0.054518
2797.376000	0.057710
2798.375000	0.055119
2799.374000	0.057883
2800.381000	0.057358
2801.388000	0.057173
2802.387000	0.056747
2803.389000	0.057328
2804.389000	0.058378
2805.388000	0.056939
2806.388000	0.056626
2807.387000	0.059206
2808.419000	0.057708
2809.418000	0.058210
2810.419000	0.059960
2811.418000	0.057867
2812.418000	0.057400
2813.419000	0.057043
2814.418000	0.059000
2815.417000	0.058079
2816.415000	0.056401
2817.414000	0.058925
2818.413000	0.058771
2819.411000	0.056934
2820.410000	0.057938
2821.407000	0.058395
2822.407000	0.058340
2823.406000	0.057694
2824.405000	0.060061
2825.405000	0.057396
2826.404000	0.057932
2827.405000	0.057301
2828.405000	0.058872
2829.407000	0.056741
2830.406000	0.056446
2831.406000	0.057943
2832.404000	0.056982
2833.405000	0.058528
2834.405000	0.060160
2835.405000	0.056403
2836.403000	0.055911
2837.403000	0.055951
2838.400000	0.054152
2839.401000	0.056808
2840.403000	0.055553
2841.405000	0.055772
2842.404000	0.056318
2843.403000	0.055976
2844.404000	0.056126
2845.405000	0.054889
2846.405000	0.053380
2847.407000	0.054393
2848.406000	0.051489
2849.406000	0.050544
2850.405000	0.050711
2851.404000	0.057137
2852.404000	0.050974
2853.403000	0.052841
2854.402000	0.050417
2855.402000	0.051620
2856.416000	0.058062
2857.417000	0.053346
2858.418000	0.055796
2859.417000	0.048899
2860.415000	0.048439
2861.419000	0.050741
2862.420000	0.047616
2863.421000	0.049321
2864.421000	0.046529
2865.424000	0.046905
2866.425000	0.047293
2867.426000	0.047189
2868.426000	0.048266
2869.428000	0.049141
2870.427000	0.050411
2871.426000	0.052646
2872.426000	0.056231
2873.426000	0.059744
2874.423000	0.060018
2875.421000	0.060137
2876.422000	0.058293
2877.420000	0.055564
2878.418000	0.054203
2879.418000	0.051966
2880.417000	0.050002
2881.417000	0.047633
2882.415000	0.051872
2883.418000	0.045658
2884.430000	0.045055
2885.437000	0.045162
2886.438000	0.044887
2887.438000	0.046729
2888.439000	0.047626
2889.441000	0.047606
2890.440000	0.051636
2891.438000	0.050554
2892.438000	0.052759
2893.437000	0.053507
2894.438000	0.057524
2895.437000	0.058582
2896.434000	0.057612
2897.433000	0.058740
2898.433000	0.058678
2899.433000	0.057907
2900.433000	0.056186
2901.434000	0.056426
2902.433000	0.056853
2903.433000	0.054228
2904.435000	0.051849
2905.436000	0.054254
2906.435000	0.051525
2907.437000	0.050139
2908.440000	0.049719
2909.441000	0.048893
2910.441000	0.046597
2911.440000	0.046925
2912.441000	0.048474
2913.441000	0.047397
2914.444000	0.047961
2915.445000	0.047178
2916.447000	0.048723
2917.448000	0.047194
2918.450000	0.046530
2919.450000	0.048143
2920.448000	0.048819
2921.447000	0.046448
2922.448000	0.047148
2923.449000	0.047497
2924.473000	0.051507
2925.507000	0.049829
2926.507000	0.047652
2927.509000	0.049138
2928.509000	0.050695
2929.513000	0.048050
2930.514000	0.046435
2931.516000	0.045232
2932.517000	0.045739
2933.519000	0.047944
2934.518000	0.046203
2935.519000	0.048068
2936.521000	0.046184
2937.523000	0.045962
2938.524000	0.046231
2939.525000	0.047029
2940.525000	0.048111
2941.523000	0.049456
2942.521000	0.048239
2943.521000	0.050342
2944.520000	0.047912
2945.521000	0.047872
2946.521000	0.050820
2947.521000	0.048771
2948.520000	0.048461
2949.519000	0.050511
2950.521000	0.050477
2951.521000	0.048861
2952.521000	0.047510
2953.521000	0.048837
2954.521000	0.047901
2955.520000	0.049237
2956.519000	0.051061
2957.517000	0.049317
2958.517000	0.047354
2959.517000	0.051087
2960.517000	0.046486
2961.517000	0.048179
2962.516000	0.047965
2963.517000	0.048658
2964.518000	0.048231
2965.517000	0.051871
2966.517000	0.048017
2967.517000	0.047201
2968.517000	0.048288
2969.517000	0.048280
2970.517000	0.046331
2971.516000	0.047091
2972.518000	0.045308
2973.519000	0.047798
2974.520000	0.047311
2975.523000	0.045340
2976.524000	0.045882
2977.525000	0.045035
2978.526000	0.045851
2979.527000	0.045681
2980.529000	0.044867
2981.530000	0.047530
2982.530000	0.050041
2983.530000	0.048244
2984.530000	0.050202
2985.529000	0.047798
2986.528000	0.046275
2987.533000	0.049339
2988.563000	0.047900
2989.564000	0.048569
2990.564000	0.051835
2991.565000	0.048760
2992.564000	0.048609
2993.565000	0.050538
2994.567000	0.052335
2995.567000	0.050342
2996.569000	0.050728
2997.571000	0.049875
2998.571000	0.050481
2999.570000	0.050206
3000.572000	0.051606
3001.571000	0.050448
3002.570000	0.049255
3003.571000	0.049226
3004.570000	0.051212
3005.570000	0.055309
3006.571000	0.048196
3007.573000	0.048208
3008.574000	0.050784
3009.575000	0.051236
3010.576000	0.048901
3011.575000	0.051064
3012.574000	0.050763
3013.574000	0.058348
3014.575000	0.051385
3015.576000	0.051655
3016.577000	0.051072
3017.578000	0.049464
3018.577000	0.051283
3019.578000	0.050010
3020.581000	0.048678
3021.581000	0.050754
3022.582000	0.049655
3023.583000	0.052822
3024.582000	0.051698
3025.581000	0.053017
3026.580000	0.055391
3027.579000	0.054669
3028.577000	0.053056
3029.578000	0.052539
3030.578000	0.050495
3031.578000	0.048627
3032.577000	0.050438
3033.575000	0.049666
3034.574000	0.048326
3035.576000	0.050376
3036.577000	0.049746
3037.577000	0.050518
3038.575000	0.047914
3039.576000	0.051520
3040.576000	0.047579
3041.578000	0.047602
3042.579000	0.048876
3043.579000	0.047935
3044.581000	0.048420
3045.582000	0.048142
3046.583000	0.047642
3047.602000	0.047668
3048.628000	0.048037
3049.626000	0.047903
3050.627000	0.048508
3051.625000	0.049304
3052.626000	0.048025
3053.625000	0.050007
3054.625000	0.049265
3055.626000	0.050527
3056.623000	0.049590
3057.621000	0.047831
3058.621000	0.049142
3059.623000	0.047806
3060.625000	0.049751
3061.628000	0.050425
3062.629000	0.051761
3063.630000	0.049371
3064.629000	0.053343
3065.629000	0.052503
3066.629000	0.052112
3067.630000	0.051475
3068.629000	0.052034
3069.632000	0.051947
3070.632000	0.054033
3071.634000	0.052171
3072.634000	0.050017
3073.633000	0.051857
3074.632000	0.050926
3075.632000	0.052180
3076.632000	0.052684
3077.631000	0.052982
3078.630000	0.052291
3079.630000	0.051579
3080.631000	0.052141
3081.631000	0.051566
3082.631000	0.051274
3083.634000	0.054960
3084.634000	0.052281
3085.635000	0.054733
3086.635000	0.055024
3087.635000	0.055833
3088.633000	0.052762
3089.632000	0.053743
3090.632000	0.055227
3091.630000	0.056781
3092.630000	0.056279
3093.628000	0.053219
3094.627000	0.053340
3095.627000	0.053437
3096.627000	0.053433
3097.626000	0.052836
3098.626000	0.055144
3099.628000	0.054629
3100.628000	0.052830
3101.628000	0.052998
3102.627000	0.053776
3103.625000	0.052089
3104.623000	0.051837
3105.624000	0.049029
3106.624000	0.050536
3107.625000	0.048366
3108.625000	0.051218
3109.627000	0.051450
3110.668000	0.050433
3111.709000	0.048955
3112.706000	0.048900
3113.705000	0.048636
3114.704000	0.048535
3115.704000	0.049712
3116.704000	0.049625
3117.702000	0.049426
3118.703000	0.051249
3119.703000	0.049074
3120.703000	0.051600
3121.704000	0.051501
3122.703000	0.052978
3123.703000	0.052104
3124.704000	0.049850
3125.704000	0.049976
3126.704000	0.049269
3127.703000	0.047838
3128.704000	0.049204
3129.704000	0.046576
3130.704000	0.049230
3131.705000	0.046762
3132.706000	0.046610
3133.705000	0.045123
3134.707000	0.049387
3135.708000	0.047964
3136.707000	0.045865
3137.707000	0.048209
3138.707000	0.046342
3139.710000	0.046543
3140.710000	0.045451
3141.711000	0.045901
3142.713000	0.045131
3143.711000	0.047366
3144.712000	0.045826
3145.711000	0.046901
3146.711000	0.047869
3147.710000	0.046290
3148.712000	0.047118
3149.714000	0.045827
3150.715000	0.046877
3151.715000	0.045680
3152.715000	0.047688
3153.714000	0.046965
3154.714000	0.046919
3155.715000	0.045735
3156.715000	0.045370
3157.715000	0.048061
3158.715000	0.045563
3159.716000	0.048421
3160.716000	0.049448
3161.714000	0.047832
3162.715000	0.047399
3163.715000	0.047513
3164.715000	0.048968
3165.716000	0.048437
3166.716000	0.048453
3167.718000	0.049047
3168.720000	0.052577
3169.719000	0.051264
3170.718000	0.054221
3171.719000	0.054793
3172.718000	0.055967
3173.717000	0.057545
3174.715000	0.060459
3175.713000	0.057671
3176.713000	0.058841
3177.712000	0.057300
3178.712000	0.057025
3179.712000	0.054694
3180.711000	0.051631
3181.711000	0.051658
3182.711000	0.048619
3183.711000	0.046764
3184.711000	0.049090
3185.712000	0.047840
3186.712000	0.048857
3187.713000	0.046635
3188.714000	0.046315
3189.714000	0.045195
3190.714000	0.046475
3191.712000	0.047117
3192.713000	0.049770
3193.713000	0.050043
3194.715000	0.048570
3195.716000	0.049702
3196.716000	0.054749
3197.713000	0.054515
3198.714000	0.055901
3199.714000	0.058250
3200.710000	0.056425
3201.710000	0.056981
3202.710000	0.057518
3203.709000	0.058917
3204.709000	0.057140
3205.707000	0.057297
3206.705000	0.056122
3207.706000	0.056017
3208.705000	0.057065
3209.704000	0.055836
3210.702000	0.053148
3211.704000	0.051417
3212.704000	0.049300
3213.703000	0.054113
3214.702000	0.052167
3215.702000	0.050028
3216.702000	0.048826
3217.702000	0.051212
3218.702000	0.051625
3219.700000	0.048752
3220.702000	0.046840
3221.700000	0.049408
3222.702000	0.046381
3223.705000	0.046776
3224.707000	0.045665
3225.709000	0.044980
3226.709000	0.046323
3227.709000	0.046341
3228.713000	0.045803
3229.713000	0.050114
3230.712000	0.046682
3231.715000	0.046730
3232.716000	0.046968
3233.718000	0.047202
3234.719000	0.047646
3235.721000	0.048165
3236.744000	0.046443
3237.744000	0.046207
3238.745000	0.046891
3239.746000	0.047455
3240.744000	0.044789
3241.746000	0.044777
3242.745000	0.046981
3243.747000	0.044719
3244.748000	0.044129
3245.751000	0.045348
3246.753000	0.047469
3247.753000	0.044704
3248.753000	0.044614
3249.754000	0.044168
3250.755000	0.045673
3251.755000	0.045993
3252.756000	0.045471
3253.756000	0.047835
3254.756000	0.046654
3255.758000	0.045837
3256.758000	0.047117
3257.758000	0.044471
3258.758000	0.044588
3259.759000	0.046840
3260.761000	0.046679
3261.762000	0.047938
3262.763000	0.044816
3263.765000	0.045139
3264.765000	0.045714
3265.766000	0.046298
3266.769000	0.046100
3267.770000	0.047953
3268.772000	0.049683
3269.775000	0.047117
3270.775000	0.047656
3271.772000	0.051645
3272.771000	0.048682
3273.771000	0.049397
3274.772000	0.049713
3275.772000	0.050616
3276.774000	0.051352
3277.774000	0.050623
3278.773000	0.049544
3279.771000	0.047638
3280.770000	0.048352
3281.770000	0.049194
3282.770000	0.046925
3283.771000	0.048987
3284.771000	0.045707
3285.771000	0.044570
3286.773000	0.051031
3287.774000	0.045175
3288.775000	0.047074
3289.775000	0.045900
3290.778000	0.045362
3291.779000	0.044202
3292.782000	0.046043
3293.784000	0.044493
3294.783000	0.045394
3295.786000	0.043864
3296.787000	0.045422
3297.788000	0.044914
3298.790000	0.044118
3299.793000	0.045396
3300.795000	0.044353
3301.796000	0.045484
3302.797000	0.046742
3303.799000	0.045987
3304.800000	0.046294
3305.802000	0.045186
3306.804000	0.045513
3307.803000	0.045529
3308.803000	0.044033
3309.805000	0.044373
3310.806000	0.044595
3311.808000	0.046885
3312.808000	0.046589
3313.807000	0.047120
3314.806000	0.046507
3315.807000	0.049714
3316.805000	0.048360
3317.806000	0.047731
3318.807000	0.046626
3319.807000	0.046933
3320.809000	0.046057
3321.810000	0.047618
3322.811000	0.048811
3323.811000	0.047922
3324.814000	0.047737
3325.815000	0.048192
3326.814000	0.049446
3327.813000	0.048199
3328.814000	0.050490
3329.814000	0.047898
3330.815000	0.050550
3331.813000	0.046215
3332.814000	0.045953
3333.816000	0.045953
3334.817000	0.044958
3335.818000	0.045304
3336.820000	0.047569
3337.820000	0.045254
3338.820000	0.048211
3339.822000	0.046345
3340.823000	0.046462
3341.822000	0.045455
3342.823000	0.047027
3343.825000	0.045414
3344.824000	0.045387
3345.825000	0.047170
3346.825000	0.046520
3347.825000	0.047850
3348.824000	0.048849
3349.823000	0.047711
3350.823000	0.047060
3351.823000	0.050871
3352.824000	0.049137
3353.826000	0.055857
3354.825000	0.048986
3355.825000	0.051009
3356.825000	0.051142
3357.826000	0.050981
3358.851000	0.052086
3359.853000	0.050477
3360.852000	0.051516
3361.853000	0.052032
3362.853000	0.050999
3363.852000	0.049248
3364.851000	0.048738
3365.852000	0.050085
3366.851000	0.047091
3367.852000	0.047674
3368.853000	0.047024
3369.853000	0.047205
3370.854000	0.046956
3371.854000	0.050413
3372.852000	0.046931
3373.852000	0.047911
3374.852000	0.048305
3375.851000	0.049891
3376.851000	0.049322
3377.853000	0.055104
3378.852000	0.054726
3379.853000	0.059321
3380.853000	0.051383
3381.855000	0.046437
3382.853000	0.049135
3383.852000	0.048709
3384.854000	0.049105
3385.856000	0.050974
3386.857000	0.048748
3387.856000	0.049916
3388.854000	0.050524
3389.854000	0.051130
3390.854000	0.047250
3391.853000	0.045220
3392.853000	0.045651
3393.854000	0.045958
3394.853000	0.046095
3395.854000	0.047615
3396.855000	0.048982
3397.853000	0.046451
3398.854000	0.045418
3399.855000	0.046077
3400.855000	0.044507
3401.857000	0.045790
3402.860000	0.045002
3403.861000	0.047084
3404.862000	0.047747
3405.863000	0.045460
3406.862000	0.045529
3407.863000	0.045716
3408.864000	0.044763
3409.866000	0.045026
3410.867000	0.049977
3411.867000	0.045738
3412.868000	0.047623
3413.868000	0.047931
3414.868000	0.047014
3415.868000	0.047279
3416.868000	0.048558
3417.867000	0.049798
3418.868000	0.049949
3419.868000	0.049674
3420.867000	0.048239
3421.867000	0.049675
3422.868000	0.048775
3423.870000	0.050953
3424.872000	0.049769
3425.872000	0.050654
3426.874000	0.051363
3427.874000	0.050084
3428.874000	0.049990
3429.873000	0.049003
3430.874000	0.047061
3431.873000	0.047814
3432.875000	0.046951
3433.876000	0.047618
3434.878000	0.046836
3435.877000	0.047858
3436.876000	0.047381
3437.878000	0.047079
3438.879000	0.049544
3439.879000	0.049250
3440.882000	0.050189
3441.881000	0.048234
3442.882000	0.051398
3443.882000	0.051639
3444.884000	0.047950
3445.885000	0.053318
3446.884000	0.049526
3447.885000	0.050986
3448.884000	0.051892
3449.884000	0.053592
3450.882000	0.052572
3451.884000	0.054605
3452.881000	0.054751
3453.880000	0.056754
3454.879000	0.059267
3455.878000	0.058377
3456.877000	0.057454
3457.877000	0.060448
3458.876000	0.056943
3459.876000	0.058102
3460.875000	0.054724
3461.875000	0.051277
3462.872000	0.051078
3463.871000	0.047457
3464.872000	0.046438
3465.871000	0.047981
3466.873000	0.048308
3467.875000	0.048597
3468.875000	0.050399
3469.874000	0.053662
3470.876000	0.057078
3471.874000	0.058239
3472.874000	0.057411
3473.873000	0.057473
3474.872000	0.057663
3475.872000	0.059625
3476.873000	0.059638
3477.874000	0.058022
3478.874000	0.056820
3479.874000	0.054638
3480.891000	0.051848
3481.889000	0.048660
3482.890000	0.046838
3483.891000	0.045788
3484.891000	0.050289
3485.890000	0.046672
3486.891000	0.048544
3487.891000	0.045965
3488.892000	0.044781
3489.893000	0.045637
3490.893000	0.047157
3491.894000	0.047571
3492.895000	0.048854
3493.894000	0.053225
3494.894000	0.058211
3495.894000	0.063181
3496.893000	0.055223
3497.893000	0.055965
3498.894000	0.057352
3499.895000	0.063948
3500.896000	0.058749
3501.895000	0.057872
3502.895000	0.059675
3503.893000	0.058140
3504.893000	0.060470
3505.892000	0.057973
3506.892000	0.057765
3507.893000	0.057834
3508.891000	0.058120
3509.890000	0.059601
3510.890000	0.057947
3511.889000	0.058243
3512.889000	0.057093
3513.890000	0.056955
3514.888000	0.058169
3515.890000	0.056709
3516.891000	0.057410
3517.891000	0.056264
3518.891000	0.055130
3519.891000	0.055736
3520.891000	0.055211
3521.890000	0.055005
3522.890000	0.055495
3523.890000	0.052547
3524.891000	0.051312
3525.891000	0.054912
3526.890000	0.052322
3527.890000	0.051393
3528.891000	0.048248
3529.890000	0.052439
3530.891000	0.047913
3531.894000	0.049824
3532.894000	0.049068
3533.896000	0.048419
3534.898000	0.047985
3535.897000	0.047926
3536.895000	0.049033
3537.897000	0.048042
3538.896000	0.046804
3539.896000	0.049775
3540.895000	0.047199
3541.894000	0.046018
3542.895000	0.045729
3543.896000	0.046251
3544.896000	0.047286
3545.895000	0.046960
3546.895000	0.045924
3547.895000	0.048459
3548.896000	0.050909
3549.897000	0.049079
3550.898000	0.050197
3551.899000	0.053115
3552.901000	0.054816
3553.899000	0.055883
3554.900000	0.056868
3555.899000	0.056980
3556.900000	0.057957
3557.901000	0.056650
3558.901000	0.055896
3559.900000	0.054052
3560.901000	0.049988
3561.903000	0.053273
3562.905000	0.049518
3563.906000	0.050327
3564.905000	0.048008
3565.905000	0.048711
3566.904000	0.046434
3567.904000	0.046085
3568.904000	0.045095
3569.905000	0.051513
3570.906000	0.047320
3571.905000	0.047223
3572.907000	0.045030
3573.908000	0.047567
3574.909000	0.045039
3575.911000	0.048758
3576.912000	0.045957
3577.914000	0.046257
3578.914000	0.046054
3579.916000	0.048921
3580.918000	0.045381
3581.918000	0.045964
3582.916000	0.045957
3583.916000	0.048816
3584.916000	0.046011
3585.917000	0.046535
3586.919000	0.047479
3587.919000	0.049922
3588.919000	0.046123
3589.920000	0.045528
3590.921000	0.046341
3591.921000	0.046905
3592.921000	0.048026
3593.923000	0.049412
3594.923000	0.049488
3595.923000	0.048568
3596.924000	0.049860
3597.925000	0.046870
3598.926000	0.046952
3599.926000	0.047300
3600.926000	0.050393
3601.925000	0.048588
3602.925000	0.047528
3603.925000	0.046236
3604.925000	0.047532
3605.924000	0.047520
3606.926000	0.047037
3607.925000	0.049477
3608.925000	0.047311
3609.925000	0.048269
3610.926000	0.045563
3611.929000	0.045551
3612.928000	0.045633
3613.928000	0.044931
3614.929000	0.046890
3615.929000	0.047547
3616.930000	0.047127
3617.933000	0.045902
3618.934000	0.047729
3619.934000	0.046106
3620.936000	0.047223
3621.938000	0.045385
3622.940000	0.045063
3623.940000	0.045085
3624.942000	0.046535
3625.943000	0.046639
3626.944000	0.046458
3627.942000	0.044960
3628.943000	0.045741
3629.944000	0.046899
3630.945000	0.045785
3631.945000	0.047796
3632.942000	0.049133
3633.943000	0.046018
3634.946000	0.045338
3635.946000	0.047421
3636.946000	0.048700
3637.948000	0.048115
3638.949000	0.049211
3639.951000	0.048937
3640.951000	0.046468
3641.951000	0.045882
3642.951000	0.045533
3643.952000	0.044953
3644.952000	0.045380
3645.953000	0.045102
3646.955000	0.045691
3647.957000	0.047010
3648.956000	0.047787
3649.956000	0.045579
3650.957000	0.047388
3651.958000	0.046525
3652.959000	0.047318
3653.960000	0.044794
3654.961000	0.044606
3655.963000	0.046590
3656.962000	0.047100
3657.963000	0.045887
3658.965000	0.046602
3659.966000	0.048982
3660.965000	0.051032
3661.967000	0.044690
3662.971000	0.046427
3663.974000	0.047112
3664.971000	0.048182
3665.977000	0.045435
3666.981000	0.047451
3667.984000	0.046180
3668.987000	0.046028
3669.988000	0.045768
3670.988000	0.046512
3671.991000	0.046438
3672.992000	0.046243
3673.994000	0.048066
3674.995000	0.045178
3675.997000	0.046821
3676.997000	0.045454
3677.997000	0.047023
3678.997000	0.046233
3679.994000	0.049632
3680.995000	0.051230
3681.994000	0.046361
3682.996000	0.046109
3683.998000	0.046380
3684.999000	0.046679
3686.001000	0.046391
3687.002000	0.045813
3688.001000	0.046785
3689.003000	0.048490
3690.005000	0.047916
3691.006000	0.046487
3692.008000	0.045717
3693.008000	0.047907
3694.009000	0.048105
3695.007000	0.046418
3696.008000	0.046806
3697.008000	0.048230
3698.007000	0.047973
3699.007000	0.050653
3700.006000	0.048880
3701.007000	0.046501
3702.008000	0.047216
3703.009000	0.046423
3704.010000	0.047239
3705.010000	0.046189
3706.011000	0.047214
3707.012000	0.045630
3708.011000	0.047260
3709.011000	0.047288
3710.013000	0.047651
3711.015000	0.044927
3712.017000	0.048444
3713.016000	0.045396
3714.016000	0.047135
3715.017000	0.045401
3716.018000	0.046245
3717.019000	0.046822
3718.020000	0.045832
3719.019000	0.045514
3720.020000	0.047625
3721.019000	0.049177
3722.020000	0.046981
3723.021000	0.045728
3724.024000	0.047277
3725.023000	0.049700
3726.024000	0.048763
3727.023000	0.048318
3728.024000	0.047637
3729.024000	0.047532
3730.025000	0.046173
3731.026000	0.052016
3732.026000	0.046693
3733.025000	0.048283
3734.023000	0.047243
3735.025000	0.048846
3736.027000	0.048939
3737.028000	0.046536
3738.027000	0.047653
3739.027000	0.044978
3740.028000	0.047530
3741.062000	0.046663
3742.061000	0.046406
3743.067000	0.045848
3744.095000	0.045684
3745.095000	0.048328
3746.095000	0.047706
3747.096000	0.045783
3748.127000	0.047935
3749.128000	0.046648
3750.129000	0.046203
3751.127000	0.046908
3752.128000	0.047068
3753.134000	0.045691
3754.137000	0.043951
3755.140000	0.047355
3756.141000	0.044986
3757.144000	0.045416
3758.145000	0.046758
3759.146000	0.044555
3760.145000	0.045839
3761.144000	0.044996
3762.153000	0.046697
3763.155000	0.046318
3764.203000	0.046510
3765.205000	0.049271
3766.204000	0.051023
3767.203000	0.049087
3768.204000	0.052876
3769.205000	0.051983
3770.204000	0.057970
3771.203000	0.057051
3772.203000	0.056568
3773.203000	0.057224
3774.201000	0.056855
3775.202000	0.056965
3776.201000	0.055948
3777.203000	0.053760
3778.201000	0.053018
3779.201000	0.051102
3780.201000	0.050061
3781.201000	0.050815
3782.201000	0.050289
3783.200000	0.047391
3784.202000	0.046422
3785.201000	0.045962
